{
 "cells": [
  {
   "cell_type": "code",
   "execution_count": 1,
   "id": "2a71f04f",
   "metadata": {},
   "outputs": [
    {
     "name": "stdout",
     "output_type": "stream",
     "text": [
      "[(0.517, 0.439, 0.006, 0.038), (0.741, 0.167, 0.034, 0.058), (0.165, 0.48, 0.163, 0.192), (0.884, 0.056, 0.014, 0.046), (0.584, 0.266, 0.136, 0.014), (0.859, 0.023, 0.013, 0.105), (0.835, 0.023, 0.123, 0.019), (0.4, 0.242, 0.17, 0.188), (0.251, 0.673, 0.029, 0.047), (0.769, 0.213, 0.0, 0.018), (0.494, 0.453, 0.021, 0.032), (0.491, 0.34, 0.158, 0.011), (0.233, 0.463, 0.021, 0.283), (0.913, 0.033, 0.001, 0.053), (0.939, 0.057, 0.002, 0.002), (0.535, 0.301, 0.125, 0.039), (0.98, 0.007, 0.005, 0.008), (0.959, 0.023, 0.007, 0.011), (0.47, 0.274, 0.221, 0.035), (0.641, 0.29, 0.039, 0.03), (0.577, 0.114, 0.173, 0.136), (0.772, 0.1, 0.091, 0.037), (0.81, 0.166, 0.003, 0.021), (0.097, 0.137, 0.666, 0.1), (0.869, 0.082, 0.003, 0.046), (0.663, 0.194, 0.1, 0.043), (0.056, 0.841, 0.013, 0.09), (0.082, 0.26, 0.431, 0.227), (0.816, 0.117, 0.024, 0.043), (0.141, 0.415, 0.13, 0.314), (0.818, 0.11, 0.064, 0.008), (0.948, 0.034, 0.016, 0.002), (0.596, 0.107, 0.127, 0.17), (0.405, 0.308, 0.072, 0.215), (0.557, 0.217, 0.075, 0.151), (0.307, 0.576, 0.111, 0.006), (0.134, 0.742, 0.067, 0.057), (0.381, 0.504, 0.114, 0.001), (0.246, 0.594, 0.119, 0.041), (0.528, 0.288, 0.0, 0.184), (0.686, 0.227, 0.061, 0.026), (0.974, 0.005, 0.018, 0.003), (0.352, 0.193, 0.162, 0.293), (0.434, 0.401, 0.118, 0.047), (0.614, 0.282, 0.003, 0.101), (0.434, 0.337, 0.083, 0.146), (0.877, 0.067, 0.04, 0.016), (0.912, 0.076, 0.005, 0.007), (0.712, 0.194, 0.017, 0.077), (0.259, 0.468, 0.055, 0.218), (0.814, 0.165, 0.009, 0.012), (0.305, 0.422, 0.007, 0.266), (0.455, 0.002, 0.495, 0.048), (0.238, 0.732, 0.02, 0.01), (0.805, 0.188, 0.007, 0.0), (0.972, 0.008, 0.014, 0.006), (0.902, 0.016, 0.053, 0.029), (0.327, 0.347, 0.147, 0.179), (0.344, 0.572, 0.007, 0.077), (0.839, 0.019, 0.108, 0.034), (0.528, 0.144, 0.143, 0.185), (0.883, 0.103, 0.014, 0.0), (0.316, 0.206, 0.247, 0.231), (0.592, 0.188, 0.202, 0.018), (0.239, 0.536, 0.196, 0.029), (0.74, 0.09, 0.139, 0.031), (0.892, 0.097, 0.002, 0.009), (0.223, 0.276, 0.246, 0.255), (0.663, 0.27, 0.012, 0.055), (0.675, 0.056, 0.096, 0.173), (0.936, 0.057, 0.005, 0.002), (0.792, 0.034, 0.037, 0.137), (0.044, 0.522, 0.186, 0.248), (0.885, 0.026, 0.028, 0.061), (0.148, 0.408, 0.258, 0.186), (0.969, 0.0, 0.012, 0.019), (0.653, 0.261, 0.018, 0.068), (0.331, 0.315, 0.216, 0.138), (0.119, 0.137, 0.416, 0.328), (0.066, 0.708, 0.187, 0.039), (0.256, 0.639, 0.053, 0.052), (0.898, 0.061, 0.028, 0.013), (0.998, 0.002, 0.0, 0.0), (0.326, 0.528, 0.128, 0.018), (0.681, 0.082, 0.016, 0.221), (0.007, 0.895, 0.078, 0.02), (0.844, 0.006, 0.021, 0.129), (0.414, 0.178, 0.056, 0.352), (0.216, 0.735, 0.01, 0.039), (0.744, 0.233, 0.021, 0.002), (0.428, 0.187, 0.021, 0.364), (0.703, 0.251, 0.001, 0.045), (0.057, 0.282, 0.006, 0.655), (0.125, 0.004, 0.526, 0.345), (0.787, 0.134, 0.006, 0.073), (0.204, 0.708, 0.033, 0.055), (0.334, 0.407, 0.092, 0.167), (0.446, 0.059, 0.203, 0.292), (0.465, 0.261, 0.237, 0.037), (0.553, 0.386, 0.037, 0.024), (0.755, 0.043, 0.006, 0.196), (0.276, 0.515, 0.023, 0.186), (0.203, 0.43, 0.346, 0.021), (0.366, 0.051, 0.27, 0.313), (0.206, 0.587, 0.089, 0.118), (0.091, 0.185, 0.599, 0.125), (0.669, 0.329, 0.0, 0.002), (0.794, 0.12, 0.041, 0.045), (0.405, 0.399, 0.02, 0.176), (0.231, 0.229, 0.085, 0.455), (0.535, 0.279, 0.07, 0.116), (0.949, 0.046, 0.004, 0.001), (0.956, 0.034, 0.008, 0.002), (0.985, 0.003, 0.002, 0.01), (0.818, 0.147, 0.026, 0.009), (0.867, 0.107, 0.022, 0.004), (0.398, 0.066, 0.098, 0.438), (0.86, 0.136, 0.004, 0.0), (0.982, 0.013, 0.005, 0.0), (0.111, 0.13, 0.117, 0.642), (0.789, 0.0, 0.159, 0.052), (0.923, 0.062, 0.009, 0.006), (0.831, 0.0, 0.099, 0.07), (0.831, 0.134, 0.007, 0.028), (0.778, 0.104, 0.052, 0.066), (0.012, 0.432, 0.14, 0.416), (0.506, 0.213, 0.106, 0.175), (0.685, 0.268, 0.04, 0.007), (0.908, 0.01, 0.002, 0.08), (0.897, 0.012, 0.004, 0.087), (0.64, 0.055, 0.001, 0.304), (0.57, 0.166, 0.132, 0.132), (0.517, 0.139, 0.284, 0.06), (0.329, 0.27, 0.019, 0.382), (0.481, 0.117, 0.148, 0.254), (0.249, 0.423, 0.12, 0.208), (0.848, 0.145, 0.005, 0.002), (0.125, 0.241, 0.302, 0.332), (0.803, 0.037, 0.105, 0.055), (0.511, 0.384, 0.03, 0.075), (0.945, 0.023, 0.012, 0.02), (0.243, 0.064, 0.0, 0.693), (0.14, 0.09, 0.643, 0.127), (0.248, 0.466, 0.062, 0.224), (0.815, 0.113, 0.057, 0.015), (0.268, 0.122, 0.601, 0.009), (0.146, 0.463, 0.121, 0.27), (0.325, 0.245, 0.409, 0.021), (0.409, 0.478, 0.015, 0.098), (0.21, 0.358, 0.144, 0.288), (0.086, 0.65, 0.082, 0.182), (0.091, 0.096, 0.325, 0.488), (0.62, 0.284, 0.004, 0.092), (0.062, 0.874, 0.056, 0.008), (0.523, 0.194, 0.078, 0.205), (0.935, 0.042, 0.001, 0.022), (0.744, 0.19, 0.029, 0.037), (0.442, 0.147, 0.253, 0.158), (0.063, 0.758, 0.159, 0.02), (0.074, 0.395, 0.256, 0.275), (0.119, 0.127, 0.29, 0.464), (0.567, 0.123, 0.099, 0.211), (0.942, 0.004, 0.005, 0.049), (0.196, 0.607, 0.153, 0.044), (0.505, 0.345, 0.139, 0.011), (0.587, 0.153, 0.019, 0.241), (0.988, 0.0, 0.007, 0.005), (0.266, 0.66, 0.035, 0.039), (0.947, 0.047, 0.006, 0.0), (0.026, 0.715, 0.238, 0.021), (0.419, 0.168, 0.142, 0.271), (0.781, 0.095, 0.015, 0.109), (0.697, 0.043, 0.015, 0.245), (0.32, 0.338, 0.259, 0.083), (0.571, 0.305, 0.075, 0.049), (0.54, 0.352, 0.098, 0.01), (0.886, 0.09, 0.024, 0.0), (0.855, 0.124, 0.013, 0.008), (0.786, 0.191, 0.012, 0.011), (0.14, 0.615, 0.217, 0.028), (0.029, 0.05, 0.248, 0.673), (0.7, 0.042, 0.084, 0.174), (0.043, 0.098, 0.573, 0.286), (0.99, 0.005, 0.005, 0.0), (0.535, 0.024, 0.315, 0.126), (0.381, 0.456, 0.088, 0.075), (0.385, 0.434, 0.112, 0.069), (0.994, 0.003, 0.003, 0.0), (0.975, 0.012, 0.005, 0.008), (0.783, 0.045, 0.102, 0.07), (0.488, 0.254, 0.088, 0.17), (0.934, 0.01, 0.024, 0.032), (0.471, 0.443, 0.012, 0.074), (0.385, 0.275, 0.101, 0.239), (0.48, 0.297, 0.15, 0.073), (0.255, 0.201, 0.474, 0.07), (0.344, 0.166, 0.045, 0.445), (0.83, 0.108, 0.058, 0.004), (0.147, 0.001, 0.163, 0.689), (0.678, 0.002, 0.096, 0.224), (0.26, 0.623, 0.077, 0.04), (0.119, 0.843, 0.03, 0.008), (0.389, 0.485, 0.023, 0.103), (0.653, 0.322, 0.0, 0.025), (0.639, 0.255, 0.081, 0.025), (0.372, 0.453, 0.079, 0.096), (0.214, 0.558, 0.144, 0.084), (0.2, 0.728, 0.019, 0.053), (0.207, 0.242, 0.02, 0.531), (0.887, 0.054, 0.057, 0.002), (0.337, 0.466, 0.089, 0.108), (0.223, 0.257, 0.104, 0.416), (0.389, 0.044, 0.009, 0.558), (0.595, 0.283, 0.019, 0.103), (0.098, 0.268, 0.101, 0.533), (0.302, 0.212, 0.484, 0.002), (0.711, 0.075, 0.162, 0.052), (0.88, 0.075, 0.017, 0.028), (0.488, 0.364, 0.141, 0.007), (0.207, 0.652, 0.09, 0.051), (0.973, 0.027, 0.0, 0.0), (0.717, 0.236, 0.004, 0.043), (0.091, 0.368, 0.427, 0.114), (0.799, 0.157, 0.018, 0.026), (0.393, 0.548, 0.007, 0.052), (0.677, 0.058, 0.254, 0.011), (0.285, 0.288, 0.251, 0.176), (0.563, 0.325, 0.042, 0.07), (0.415, 0.062, 0.277, 0.246), (0.59, 0.356, 0.052, 0.002), (0.874, 0.004, 0.027, 0.095), (0.651, 0.348, 0.0, 0.001), (0.37, 0.217, 0.263, 0.15), (0.558, 0.268, 0.042, 0.132), (0.445, 0.242, 0.121, 0.192), (0.457, 0.505, 0.027, 0.011), (0.699, 0.112, 0.089, 0.1), (0.428, 0.284, 0.279, 0.009), (0.402, 0.012, 0.341, 0.245), (0.987, 0.007, 0.005, 0.001), (0.539, 0.303, 0.153, 0.005), (0.629, 0.131, 0.14, 0.1), (0.057, 0.457, 0.098, 0.388), (0.182, 0.198, 0.444, 0.176), (0.04, 0.611, 0.073, 0.276), (0.437, 0.511, 0.042, 0.01), (0.362, 0.499, 0.057, 0.082), (0.508, 0.292, 0.137, 0.063), (0.556, 0.147, 0.09, 0.207), (0.285, 0.495, 0.195, 0.025), (0.201, 0.583, 0.026, 0.19), (0.206, 0.183, 0.079, 0.532), (0.12, 0.011, 0.72, 0.149), (0.849, 0.045, 0.034, 0.072), (0.844, 0.085, 0.02, 0.051), (0.891, 0.065, 0.023, 0.021), (0.502, 0.066, 0.237, 0.195), (0.983, 0.004, 0.005, 0.008), (0.536, 0.089, 0.145, 0.23), (0.435, 0.212, 0.13, 0.223), (0.337, 0.183, 0.408, 0.072), (0.943, 0.016, 0.04, 0.001), (0.736, 0.025, 0.209, 0.03), (0.955, 0.045, 0.0, 0.0), (0.252, 0.361, 0.243, 0.144), (0.304, 0.383, 0.273, 0.04), (0.373, 0.129, 0.277, 0.221), (0.39, 0.217, 0.056, 0.337), (0.042, 0.081, 0.083, 0.794), (0.707, 0.283, 0.006, 0.004), (0.601, 0.398, 0.001, 0.0), (0.907, 0.071, 0.011, 0.011), (0.565, 0.427, 0.004, 0.004), (0.525, 0.02, 0.265, 0.19), (0.519, 0.339, 0.025, 0.117), (0.065, 0.634, 0.079, 0.222), (0.687, 0.105, 0.084, 0.124), (0.635, 0.011, 0.136, 0.218), (0.625, 0.174, 0.103, 0.098), (0.016, 0.685, 0.241, 0.058), (0.936, 0.054, 0.001, 0.009), (0.419, 0.01, 0.533, 0.038), (0.889, 0.02, 0.086, 0.005), (0.654, 0.27, 0.066, 0.01), (0.085, 0.301, 0.16, 0.454), (0.287, 0.647, 0.018, 0.048), (0.308, 0.238, 0.316, 0.138), (0.958, 0.01, 0.014, 0.018), (0.277, 0.639, 0.016, 0.068), (0.024, 0.053, 0.811, 0.112), (0.508, 0.269, 0.033, 0.19), (0.962, 0.014, 0.008, 0.016), (0.436, 0.22, 0.193, 0.151), (0.658, 0.063, 0.243, 0.036), (0.15, 0.738, 0.039, 0.073), (0.048, 0.748, 0.047, 0.157), (0.542, 0.199, 0.148, 0.111), (0.651, 0.19, 0.08, 0.079), (0.114, 0.852, 0.003, 0.031), (0.97, 0.0, 0.014, 0.016), (0.88, 0.057, 0.035, 0.028), (0.07, 0.283, 0.407, 0.24), (0.056, 0.607, 0.195, 0.142), (0.739, 0.126, 0.041, 0.094), (0.673, 0.06, 0.185, 0.082), (0.569, 0.323, 0.033, 0.075), (0.694, 0.003, 0.004, 0.299), (0.414, 0.244, 0.33, 0.012), (0.958, 0.005, 0.028, 0.009), (0.866, 0.049, 0.07, 0.015), (0.34, 0.401, 0.069, 0.19), (0.818, 0.17, 0.005, 0.007), (0.066, 0.209, 0.513, 0.212), (0.786, 0.142, 0.04, 0.032), (0.054, 0.708, 0.058, 0.18), (0.333, 0.063, 0.316, 0.288), (0.058, 0.09, 0.735, 0.117), (0.582, 0.395, 0.018, 0.005), (0.218, 0.735, 0.029, 0.018), (0.977, 0.006, 0.002, 0.015), (0.494, 0.335, 0.067, 0.104), (0.034, 0.122, 0.756, 0.088), (0.81, 0.007, 0.015, 0.168), (0.183, 0.358, 0.004, 0.455), (0.095, 0.507, 0.157, 0.241), (0.349, 0.061, 0.534, 0.056), (0.851, 0.088, 0.018, 0.043), (0.598, 0.309, 0.057, 0.036), (0.261, 0.023, 0.145, 0.571), (0.236, 0.388, 0.345, 0.031), (0.221, 0.63, 0.012, 0.137), (0.596, 0.376, 0.007, 0.021), (0.402, 0.023, 0.08, 0.495), (0.584, 0.255, 0.049, 0.112), (0.468, 0.216, 0.021, 0.295), (0.609, 0.068, 0.281, 0.042), (0.013, 0.428, 0.237, 0.322), (0.963, 0.013, 0.02, 0.004), (0.932, 0.067, 0.001, 0.0), (0.233, 0.294, 0.221, 0.252), (0.755, 0.099, 0.016, 0.13), (0.665, 0.153, 0.069, 0.113), (0.315, 0.662, 0.008, 0.015), (0.001, 0.279, 0.403, 0.317), (0.084, 0.895, 0.005, 0.016), (0.491, 0.311, 0.102, 0.096), (0.036, 0.673, 0.197, 0.094), (0.583, 0.012, 0.065, 0.34), (0.208, 0.374, 0.108, 0.31), (0.607, 0.005, 0.349, 0.039), (0.194, 0.589, 0.042, 0.175), (0.263, 0.062, 0.167, 0.508), (0.579, 0.145, 0.274, 0.002), (0.323, 0.363, 0.241, 0.073), (0.255, 0.448, 0.07, 0.227), (0.963, 0.016, 0.011, 0.01), (0.022, 0.181, 0.694, 0.103), (0.742, 0.216, 0.011, 0.031), (0.51, 0.356, 0.093, 0.041), (0.203, 0.495, 0.195, 0.107), (0.062, 0.713, 0.013, 0.212), (0.523, 0.211, 0.239, 0.027), (0.695, 0.024, 0.003, 0.278), (0.336, 0.116, 0.132, 0.416), (0.806, 0.126, 0.05, 0.018), (0.68, 0.199, 0.121, 0.0), (0.119, 0.377, 0.02, 0.484), (0.577, 0.265, 0.15, 0.008), (0.992, 0.004, 0.0, 0.004), (0.835, 0.153, 0.0, 0.012), (0.082, 0.224, 0.29, 0.404), (0.128, 0.334, 0.293, 0.245), (0.628, 0.279, 0.056, 0.037), (0.862, 0.052, 0.039, 0.047), (0.727, 0.181, 0.042, 0.05), (0.332, 0.141, 0.222, 0.305), (0.58, 0.255, 0.09, 0.075), (0.502, 0.458, 0.02, 0.02), (0.064, 0.189, 0.51, 0.237), (0.248, 0.319, 0.326, 0.107), (0.369, 0.255, 0.168, 0.208), (0.267, 0.681, 0.014, 0.038), (0.685, 0.125, 0.008, 0.182), (0.638, 0.162, 0.079, 0.121), (0.537, 0.39, 0.01, 0.063), (0.724, 0.032, 0.218, 0.026), (0.063, 0.185, 0.331, 0.421), (0.868, 0.025, 0.003, 0.104), (0.803, 0.07, 0.087, 0.04), (0.038, 0.625, 0.031, 0.306), (0.437, 0.139, 0.19, 0.234), (0.96, 0.012, 0.026, 0.002), (0.526, 0.006, 0.24, 0.228), (0.041, 0.483, 0.048, 0.428), (0.555, 0.354, 0.012, 0.079), (0.521, 0.36, 0.048, 0.071), (0.046, 0.28, 0.055, 0.619), (0.921, 0.045, 0.029, 0.005), (0.236, 0.305, 0.067, 0.392), (0.842, 0.106, 0.033, 0.019), (0.115, 0.05, 0.781, 0.054), (0.865, 0.116, 0.002, 0.017), (0.477, 0.251, 0.027, 0.245), (0.091, 0.267, 0.072, 0.57), (0.778, 0.021, 0.087, 0.114), (0.497, 0.415, 0.068, 0.02), (0.83, 0.114, 0.054, 0.002), (0.369, 0.409, 0.167, 0.055), (0.57, 0.27, 0.025, 0.135), (0.261, 0.269, 0.368, 0.102), (0.549, 0.197, 0.125, 0.129), (0.422, 0.457, 0.015, 0.106), (0.195, 0.368, 0.417, 0.02), (0.643, 0.143, 0.12, 0.094), (0.166, 0.478, 0.338, 0.018), (0.514, 0.04, 0.382, 0.064), (0.622, 0.204, 0.102, 0.072), (0.227, 0.379, 0.172, 0.222), (0.763, 0.087, 0.124, 0.026), (0.32, 0.17, 0.107, 0.403), (0.867, 0.055, 0.02, 0.058), (0.828, 0.035, 0.078, 0.059), (0.087, 0.598, 0.099, 0.216), (0.006, 0.696, 0.055, 0.243), (0.177, 0.266, 0.093, 0.464), (0.042, 0.385, 0.38, 0.193), (0.534, 0.219, 0.027, 0.22), (0.606, 0.007, 0.253, 0.134), (0.933, 0.057, 0.002, 0.008), (0.764, 0.022, 0.104, 0.11), (0.048, 0.897, 0.029, 0.026), (0.388, 0.41, 0.042, 0.16), (0.062, 0.636, 0.01, 0.292), (0.375, 0.526, 0.016, 0.083), (0.072, 0.895, 0.032, 0.001), (0.073, 0.683, 0.073, 0.171), (0.132, 0.439, 0.277, 0.152), (0.436, 0.51, 0.015, 0.039), (0.357, 0.62, 0.02, 0.003), (0.198, 0.531, 0.16, 0.111), (0.4, 0.52, 0.061, 0.019), (0.897, 0.042, 0.042, 0.019), (0.297, 0.592, 0.104, 0.007), (0.364, 0.067, 0.008, 0.561), (0.919, 0.027, 0.002, 0.052), (0.48, 0.235, 0.208, 0.077), (0.721, 0.236, 0.033, 0.01), (0.925, 0.066, 0.006, 0.003), (0.845, 0.041, 0.035, 0.079), (0.277, 0.632, 0.039, 0.052), (0.892, 0.049, 0.046, 0.013), (0.891, 0.024, 0.081, 0.004), (0.891, 0.057, 0.0, 0.052), (0.785, 0.003, 0.197, 0.015), (0.244, 0.097, 0.284, 0.375), (0.474, 0.125, 0.245, 0.156), (0.839, 0.112, 0.042, 0.007), (0.402, 0.317, 0.085, 0.196), (0.324, 0.444, 0.044, 0.188), (0.831, 0.019, 0.051, 0.099), (0.744, 0.137, 0.098, 0.021), (0.014, 0.766, 0.18, 0.04), (0.06, 0.682, 0.007, 0.251), (0.943, 0.028, 0.029, 0.0), (0.116, 0.006, 0.669, 0.209), (0.607, 0.045, 0.114, 0.234), (0.546, 0.192, 0.026, 0.236), (0.265, 0.254, 0.071, 0.41), (0.748, 0.02, 0.009, 0.223), (0.522, 0.448, 0.019, 0.011), (0.763, 0.209, 0.013, 0.015), (0.886, 0.012, 0.092, 0.01), (0.169, 0.821, 0.006, 0.004), (0.014, 0.261, 0.633, 0.092), (0.431, 0.396, 0.171, 0.002), (0.512, 0.042, 0.033, 0.413), (0.391, 0.014, 0.045, 0.55), (0.951, 0.041, 0.006, 0.002), (0.312, 0.601, 0.061, 0.026), (0.905, 0.041, 0.04, 0.014), (0.325, 0.046, 0.097, 0.532), (0.065, 0.618, 0.203, 0.114), (0.092, 0.134, 0.451, 0.323), (0.466, 0.034, 0.373, 0.127), (0.79, 0.036, 0.08, 0.094), (0.307, 0.641, 0.026, 0.026), (0.234, 0.041, 0.598, 0.127), (0.749, 0.235, 0.004, 0.012), (0.424, 0.551, 0.001, 0.024), (0.78, 0.095, 0.121, 0.004), (0.59, 0.017, 0.132, 0.261), (0.041, 0.219, 0.658, 0.082), (0.58, 0.226, 0.117, 0.077), (0.196, 0.795, 0.005, 0.004), (0.057, 0.716, 0.176, 0.051), (0.116, 0.528, 0.247, 0.109), (0.337, 0.021, 0.315, 0.327), (0.767, 0.157, 0.002, 0.074), (0.156, 0.325, 0.411, 0.108), (0.441, 0.374, 0.063, 0.122), (0.992, 0.002, 0.004, 0.002), (0.693, 0.104, 0.026, 0.177), (0.947, 0.021, 0.032, 0.0), (0.47, 0.099, 0.341, 0.09), (0.765, 0.06, 0.037, 0.138), (0.209, 0.76, 0.02, 0.011), (0.275, 0.073, 0.467, 0.185), (0.7, 0.14, 0.031, 0.129), (0.484, 0.494, 0.005, 0.017), (0.682, 0.0, 0.288, 0.03), (0.376, 0.048, 0.027, 0.549), (0.822, 0.054, 0.049, 0.075), (0.717, 0.145, 0.072, 0.066), (0.171, 0.729, 0.073, 0.027), (0.441, 0.312, 0.015, 0.232), (0.226, 0.067, 0.69, 0.017), (0.537, 0.068, 0.008, 0.387), (0.292, 0.053, 0.072, 0.583), (0.458, 0.425, 0.08, 0.037), (0.58, 0.019, 0.285, 0.116), (0.891, 0.072, 0.022, 0.015), (0.643, 0.042, 0.037, 0.278), (0.501, 0.439, 0.015, 0.045), (0.053, 0.168, 0.429, 0.35), (0.885, 0.052, 0.017, 0.046), (0.172, 0.757, 0.035, 0.036), (0.516, 0.059, 0.057, 0.368), (0.09, 0.613, 0.142, 0.155), (0.326, 0.408, 0.038, 0.228), (0.24, 0.495, 0.241, 0.024), (0.418, 0.192, 0.024, 0.366), (0.593, 0.144, 0.203, 0.06), (0.699, 0.124, 0.064, 0.113), (0.171, 0.711, 0.11, 0.008), (0.169, 0.193, 0.517, 0.121), (0.123, 0.391, 0.467, 0.019), (0.851, 0.068, 0.067, 0.014), (0.736, 0.245, 0.006, 0.013), (0.034, 0.293, 0.384, 0.289), (0.584, 0.172, 0.019, 0.225), (0.666, 0.066, 0.166, 0.102), (0.517, 0.208, 0.212, 0.063), (0.853, 0.123, 0.019, 0.005), (0.812, 0.168, 0.006, 0.014), (0.198, 0.269, 0.357, 0.176), (0.425, 0.048, 0.011, 0.516), (0.746, 0.021, 0.066, 0.167), (0.247, 0.346, 0.201, 0.206), (0.8, 0.04, 0.082, 0.078), (0.843, 0.078, 0.057, 0.022), (0.56, 0.17, 0.122, 0.148), (0.763, 0.155, 0.064, 0.018), (0.363, 0.358, 0.086, 0.193), (0.362, 0.594, 0.012, 0.032), (0.886, 0.065, 0.049, 0.0), (0.671, 0.014, 0.179, 0.136), (0.253, 0.438, 0.266, 0.043), (0.002, 0.548, 0.336, 0.114), (0.047, 0.653, 0.197, 0.103), (0.354, 0.589, 0.024, 0.033), (0.493, 0.265, 0.007, 0.235), (0.916, 0.07, 0.005, 0.009), (0.184, 0.024, 0.73, 0.062), (0.177, 0.279, 0.028, 0.516), (0.416, 0.024, 0.217, 0.343), (0.453, 0.378, 0.068, 0.101), (0.712, 0.153, 0.103, 0.032), (0.77, 0.01, 0.009, 0.211), (0.873, 0.073, 0.051, 0.003), (0.914, 0.047, 0.035, 0.004), (0.82, 0.086, 0.05, 0.044), (0.063, 0.722, 0.129, 0.086), (0.048, 0.615, 0.001, 0.336), (0.175, 0.661, 0.123, 0.041), (0.962, 0.01, 0.025, 0.003), (0.289, 0.276, 0.101, 0.334), (0.314, 0.443, 0.121, 0.122), (0.863, 0.109, 0.002, 0.026), (0.911, 0.016, 0.042, 0.031), (0.807, 0.154, 0.037, 0.002), (0.396, 0.361, 0.107, 0.136), (0.555, 0.183, 0.156, 0.106), (0.399, 0.488, 0.1, 0.013), (0.876, 0.001, 0.106, 0.017), (0.646, 0.276, 0.075, 0.003), (0.702, 0.004, 0.057, 0.237), (0.059, 0.004, 0.147, 0.79), (0.091, 0.56, 0.183, 0.166), (0.622, 0.317, 0.001, 0.06), (0.847, 0.144, 0.002, 0.007), (0.392, 0.15, 0.416, 0.042), (0.355, 0.168, 0.269, 0.208), (0.946, 0.014, 0.012, 0.028), (0.85, 0.141, 0.004, 0.005), (0.216, 0.312, 0.395, 0.077), (0.021, 0.897, 0.023, 0.059), (0.221, 0.669, 0.055, 0.055), (0.96, 0.015, 0.023, 0.002), (0.658, 0.139, 0.107, 0.096), (0.118, 0.659, 0.188, 0.035), (0.18, 0.125, 0.42, 0.275), (0.294, 0.205, 0.428, 0.073), (0.698, 0.249, 0.046, 0.007), (0.001, 0.386, 0.248, 0.365), (0.668, 0.216, 0.104, 0.012), (0.349, 0.059, 0.429, 0.163), (0.44, 0.267, 0.25, 0.043), (0.646, 0.024, 0.197, 0.133), (0.512, 0.428, 0.016, 0.044), (0.326, 0.65, 0.013, 0.011), (0.057, 0.433, 0.225, 0.285), (0.696, 0.055, 0.163, 0.086), (0.79, 0.198, 0.005, 0.007), (0.676, 0.046, 0.27, 0.008), (0.192, 0.092, 0.526, 0.19), (0.122, 0.409, 0.1, 0.369), (0.629, 0.183, 0.183, 0.005), (0.485, 0.026, 0.172, 0.317), (0.743, 0.152, 0.098, 0.007), (0.159, 0.037, 0.189, 0.615), (0.297, 0.373, 0.262, 0.068), (0.758, 0.018, 0.003, 0.221), (0.247, 0.199, 0.139, 0.415), (0.345, 0.328, 0.041, 0.286), (0.667, 0.145, 0.112, 0.076), (0.238, 0.138, 0.067, 0.557), (0.289, 0.154, 0.467, 0.09), (0.969, 0.021, 0.002, 0.008), (0.711, 0.21, 0.067, 0.012), (0.202, 0.481, 0.01, 0.307), (0.142, 0.61, 0.002, 0.246), (0.331, 0.359, 0.063, 0.247), (0.418, 0.082, 0.497, 0.003), (0.312, 0.636, 0.022, 0.03), (0.236, 0.108, 0.609, 0.047), (0.08, 0.841, 0.071, 0.008), (0.237, 0.2, 0.53, 0.033), (0.468, 0.298, 0.148, 0.086), (0.88, 0.104, 0.01, 0.006), (0.41, 0.351, 0.037, 0.202), (0.376, 0.245, 0.099, 0.28), (0.631, 0.121, 0.152, 0.096), (0.901, 0.031, 0.038, 0.03), (0.166, 0.198, 0.384, 0.252), (0.152, 0.16, 0.56, 0.128), (0.22, 0.054, 0.627, 0.099), (0.699, 0.019, 0.222, 0.06), (0.948, 0.003, 0.049, 0.0), (0.686, 0.066, 0.006, 0.242), (0.667, 0.269, 0.031, 0.033), (0.573, 0.016, 0.245, 0.166), (0.842, 0.082, 0.052, 0.024), (0.168, 0.787, 0.042, 0.003), (0.734, 0.087, 0.067, 0.112), (0.613, 0.327, 0.05, 0.01), (0.979, 0.016, 0.0, 0.005), (0.888, 0.092, 0.004, 0.016), (0.955, 0.0, 0.014, 0.031), (0.126, 0.83, 0.016, 0.028), (0.194, 0.664, 0.135, 0.007), (0.919, 0.031, 0.038, 0.012), (0.065, 0.846, 0.02, 0.069), (0.315, 0.339, 0.118, 0.228), (0.261, 0.48, 0.119, 0.14), (0.953, 0.006, 0.003, 0.038), (0.457, 0.023, 0.499, 0.021), (0.691, 0.186, 0.015, 0.108), (0.996, 0.003, 0.0, 0.001), (0.873, 0.058, 0.013, 0.056), (0.048, 0.9, 0.022, 0.03), (0.34, 0.593, 0.024, 0.043), (0.211, 0.763, 0.018, 0.008), (0.45, 0.028, 0.046, 0.476), (0.361, 0.066, 0.317, 0.256), (0.623, 0.356, 0.019, 0.002), (0.529, 0.461, 0.001, 0.009), (0.53, 0.254, 0.216, 0.0), (0.438, 0.073, 0.191, 0.298), (0.013, 0.439, 0.345, 0.203), (0.646, 0.327, 0.024, 0.003), (0.147, 0.104, 0.059, 0.69), (0.9, 0.063, 0.026, 0.011), (0.47, 0.319, 0.064, 0.147), (0.705, 0.073, 0.03, 0.192), (0.581, 0.029, 0.343, 0.047), (0.007, 0.088, 0.255, 0.65), (0.68, 0.271, 0.013, 0.036), (0.02, 0.068, 0.609, 0.303), (0.825, 0.108, 0.023, 0.044), (0.895, 0.088, 0.01, 0.007), (0.524, 0.017, 0.395, 0.064), (0.095, 0.229, 0.392, 0.284), (0.857, 0.081, 0.0, 0.062), (0.237, 0.137, 0.172, 0.454), (0.162, 0.273, 0.507, 0.058), (0.978, 0.012, 0.0, 0.01), (0.126, 0.728, 0.062, 0.084), (0.03, 0.494, 0.385, 0.091), (0.195, 0.565, 0.062, 0.178), (0.824, 0.145, 0.014, 0.017), (0.405, 0.264, 0.199, 0.132), (0.365, 0.299, 0.039, 0.297), (0.323, 0.141, 0.365, 0.171), (0.699, 0.077, 0.047, 0.177), (0.795, 0.038, 0.131, 0.036), (0.975, 0.001, 0.002, 0.022), (0.787, 0.127, 0.026, 0.06), (0.131, 0.227, 0.335, 0.307), (0.206, 0.296, 0.121, 0.377), (0.284, 0.345, 0.043, 0.328), (0.511, 0.318, 0.032, 0.139), (0.731, 0.024, 0.052, 0.193), (0.79, 0.036, 0.174, 0.0), (0.213, 0.278, 0.183, 0.326), (0.531, 0.177, 0.253, 0.039), (0.026, 0.758, 0.144, 0.072), (0.66, 0.296, 0.043, 0.001), (0.944, 0.022, 0.032, 0.002), (0.321, 0.151, 0.144, 0.384), (0.59, 0.351, 0.048, 0.011), (0.059, 0.818, 0.093, 0.03), (0.453, 0.16, 0.216, 0.171), (0.17, 0.173, 0.072, 0.585), (0.563, 0.187, 0.023, 0.227), (0.158, 0.627, 0.186, 0.029), (0.933, 0.021, 0.02, 0.026), (0.101, 0.114, 0.557, 0.228), (0.109, 0.168, 0.625, 0.098), (0.776, 0.194, 0.023, 0.007), (0.078, 0.47, 0.111, 0.341), (0.734, 0.01, 0.183, 0.073), (0.098, 0.767, 0.086, 0.049), (0.756, 0.056, 0.099, 0.089), (0.122, 0.23, 0.19, 0.458), (0.192, 0.221, 0.089, 0.498), (0.718, 0.183, 0.025, 0.074), (0.197, 0.426, 0.017, 0.36), (0.424, 0.194, 0.019, 0.363), (0.418, 0.376, 0.183, 0.023), (0.49, 0.015, 0.29, 0.205), (0.491, 0.454, 0.016, 0.039), (0.453, 0.009, 0.371, 0.167), (0.782, 0.18, 0.012, 0.026), (0.575, 0.348, 0.07, 0.007), (0.014, 0.636, 0.14, 0.21), (0.574, 0.006, 0.221, 0.199), (0.838, 0.039, 0.018, 0.105), (0.727, 0.061, 0.07, 0.142), (0.61, 0.007, 0.042, 0.341), (0.423, 0.341, 0.093, 0.143), (0.144, 0.771, 0.058, 0.027), (0.56, 0.114, 0.326, 0.0), (0.921, 0.049, 0.0, 0.03), (0.379, 0.181, 0.145, 0.295), (0.508, 0.093, 0.128, 0.271), (0.599, 0.157, 0.019, 0.225), (0.207, 0.499, 0.059, 0.235), (0.166, 0.358, 0.117, 0.359), (0.996, 0.002, 0.001, 0.001), (0.991, 0.004, 0.004, 0.001), (0.226, 0.216, 0.177, 0.381), (0.669, 0.286, 0.022, 0.023), (0.436, 0.122, 0.237, 0.205), (0.78, 0.078, 0.086, 0.056), (0.477, 0.062, 0.395, 0.066), (0.628, 0.133, 0.024, 0.215), (0.554, 0.262, 0.164, 0.02), (0.743, 0.202, 0.022, 0.033), (0.433, 0.408, 0.124, 0.035), (0.364, 0.446, 0.122, 0.068), (0.373, 0.115, 0.184, 0.328), (0.288, 0.017, 0.628, 0.067), (0.657, 0.109, 0.137, 0.097), (0.986, 0.001, 0.006, 0.007), (0.057, 0.894, 0.019, 0.03), (0.965, 0.02, 0.012, 0.003), (0.241, 0.677, 0.007, 0.075), (0.927, 0.025, 0.003, 0.045), (0.792, 0.102, 0.086, 0.02), (0.054, 0.377, 0.412, 0.157), (0.811, 0.123, 0.061, 0.005), (0.793, 0.14, 0.008, 0.059), (0.197, 0.447, 0.258, 0.098), (0.719, 0.108, 0.029, 0.144), (0.966, 0.009, 0.003, 0.022), (0.519, 0.253, 0.169, 0.059), (0.151, 0.396, 0.23, 0.223), (0.205, 0.329, 0.255, 0.211), (0.378, 0.264, 0.001, 0.357), (0.557, 0.323, 0.104, 0.016), (0.3, 0.274, 0.319, 0.107), (0.978, 0.018, 0.001, 0.003), (0.731, 0.097, 0.074, 0.098), (0.438, 0.133, 0.241, 0.188), (0.42, 0.198, 0.18, 0.202), (0.984, 0.002, 0.014, 0.0), (0.792, 0.199, 0.001, 0.008), (0.988, 0.008, 0.004, 0.0), (0.728, 0.029, 0.026, 0.217), (0.854, 0.1, 0.045, 0.001), (0.454, 0.176, 0.058, 0.312), (0.698, 0.0, 0.181, 0.121), (0.529, 0.218, 0.116, 0.137), (0.602, 0.15, 0.113, 0.135), (0.997, 0.0, 0.0, 0.003), (0.553, 0.093, 0.165, 0.189), (0.527, 0.251, 0.021, 0.201), (0.258, 0.05, 0.314, 0.378), (0.804, 0.193, 0.001, 0.002), (0.87, 0.062, 0.019, 0.049), (0.368, 0.418, 0.195, 0.019), (0.876, 0.026, 0.094, 0.004), (0.383, 0.582, 0.019, 0.016), (0.244, 0.443, 0.126, 0.187), (0.68, 0.17, 0.016, 0.134), (0.732, 0.175, 0.013, 0.08), (0.905, 0.003, 0.063, 0.029), (0.521, 0.28, 0.053, 0.146), (0.082, 0.842, 0.063, 0.013), (0.49, 0.151, 0.135, 0.224), (0.41, 0.529, 0.001, 0.06), (0.95, 0.049, 0.001, 0.0), (0.294, 0.041, 0.401, 0.264), (0.258, 0.624, 0.043, 0.075), (0.657, 0.235, 0.004, 0.104), (0.659, 0.052, 0.082, 0.207), (0.169, 0.422, 0.293, 0.116), (0.981, 0.019, 0.0, 0.0), (0.244, 0.085, 0.37, 0.301), (0.67, 0.004, 0.15, 0.176), (0.817, 0.071, 0.083, 0.029), (0.852, 0.11, 0.001, 0.037), (0.059, 0.703, 0.186, 0.052), (0.323, 0.326, 0.319, 0.032), (0.412, 0.519, 0.063, 0.006), (0.028, 0.261, 0.247, 0.464), (0.11, 0.13, 0.574, 0.186), (0.297, 0.567, 0.109, 0.027), (0.224, 0.346, 0.37, 0.06), (0.628, 0.157, 0.023, 0.192), (0.763, 0.158, 0.073, 0.006), (0.54, 0.2, 0.097, 0.163), (0.643, 0.243, 0.002, 0.112), (0.203, 0.193, 0.03, 0.574), (0.867, 0.115, 0.013, 0.005), (0.421, 0.018, 0.017, 0.544), (0.968, 0.032, 0.0, 0.0), (0.968, 0.002, 0.018, 0.012), (0.06, 0.29, 0.449, 0.201), (0.358, 0.253, 0.202, 0.187), (0.752, 0.039, 0.021, 0.188), (0.84, 0.08, 0.062, 0.018), (0.787, 0.056, 0.033, 0.124), (0.941, 0.051, 0.0, 0.008), (0.948, 0.002, 0.039, 0.011), (0.412, 0.102, 0.065, 0.421), (0.339, 0.274, 0.193, 0.194), (0.748, 0.037, 0.13, 0.085), (0.8, 0.178, 0.013, 0.009), (0.859, 0.026, 0.078, 0.037), (0.558, 0.087, 0.083, 0.272), (0.835, 0.099, 0.038, 0.028), (0.17, 0.652, 0.099, 0.079), (0.855, 0.011, 0.11, 0.024), (0.41, 0.485, 0.034, 0.071), (0.376, 0.394, 0.047, 0.183), (0.313, 0.362, 0.278, 0.047), (0.638, 0.092, 0.237, 0.033), (0.736, 0.119, 0.033, 0.112), (0.328, 0.166, 0.006, 0.5), (0.545, 0.049, 0.016, 0.39), (0.907, 0.023, 0.017, 0.053), (0.315, 0.028, 0.106, 0.551), (0.041, 0.339, 0.52, 0.1), (0.694, 0.179, 0.127, 0.0), (0.499, 0.083, 0.176, 0.242), (0.689, 0.076, 0.023, 0.212), (0.671, 0.015, 0.095, 0.219), (0.025, 0.826, 0.042, 0.107), (0.728, 0.152, 0.008, 0.112), (0.706, 0.249, 0.008, 0.037), (0.639, 0.153, 0.169, 0.039), (0.014, 0.488, 0.082, 0.416), (0.398, 0.317, 0.243, 0.042), (0.536, 0.285, 0.118, 0.061), (0.877, 0.05, 0.063, 0.01), (0.569, 0.392, 0.03, 0.009), (0.422, 0.183, 0.277, 0.118), (0.581, 0.356, 0.011, 0.052), (0.92, 0.052, 0.014, 0.014), (0.551, 0.204, 0.091, 0.154), (0.883, 0.023, 0.092, 0.002), (0.534, 0.331, 0.07, 0.065), (0.135, 0.355, 0.033, 0.477), (0.942, 0.039, 0.017, 0.002), (0.303, 0.237, 0.322, 0.138), (0.574, 0.416, 0.006, 0.004), (0.06, 0.01, 0.308, 0.622), (0.071, 0.159, 0.49, 0.28), (0.714, 0.231, 0.011, 0.044), (0.022, 0.972, 0.002, 0.004), (0.239, 0.064, 0.226, 0.471), (0.396, 0.32, 0.214, 0.07), (0.717, 0.246, 0.009, 0.028), (0.04, 0.701, 0.103, 0.156), (0.528, 0.429, 0.021, 0.022), (0.783, 0.15, 0.027, 0.04), (0.685, 0.292, 0.003, 0.02), (0.898, 0.07, 0.016, 0.016), (0.912, 0.016, 0.005, 0.067), (0.619, 0.156, 0.126, 0.099), (0.234, 0.121, 0.486, 0.159), (0.107, 0.222, 0.204, 0.467), (0.384, 0.27, 0.027, 0.319), (0.911, 0.01, 0.032, 0.047), (0.725, 0.162, 0.092, 0.021), (0.145, 0.511, 0.022, 0.322), (0.471, 0.451, 0.02, 0.058), (0.378, 0.199, 0.185, 0.238), (0.898, 0.075, 0.005, 0.022), (0.325, 0.573, 0.009, 0.093), (0.619, 0.259, 0.029, 0.093), (0.605, 0.355, 0.03, 0.01), (0.362, 0.599, 0.015, 0.024), (0.612, 0.319, 0.003, 0.066), (0.599, 0.115, 0.164, 0.122), (0.83, 0.079, 0.019, 0.072), (0.627, 0.165, 0.203, 0.005), (0.211, 0.301, 0.218, 0.27), (0.16, 0.397, 0.069, 0.374), (0.502, 0.13, 0.181, 0.187), (0.169, 0.468, 0.331, 0.032), (0.536, 0.017, 0.348, 0.099), (0.057, 0.646, 0.037, 0.26), (0.299, 0.167, 0.049, 0.485), (0.107, 0.488, 0.142, 0.263), (0.755, 0.037, 0.14, 0.068), (0.233, 0.379, 0.308, 0.08), (0.838, 0.132, 0.012, 0.018), (0.603, 0.387, 0.008, 0.002), (0.289, 0.695, 0.004, 0.012), (0.524, 0.12, 0.11, 0.246), (0.421, 0.54, 0.033, 0.006), (0.32, 0.452, 0.009, 0.219), (0.758, 0.137, 0.103, 0.002), (0.164, 0.727, 0.106, 0.003), (0.358, 0.204, 0.218, 0.22), (0.166, 0.082, 0.53, 0.222), (0.251, 0.444, 0.113, 0.192), (0.738, 0.012, 0.061, 0.189), (0.523, 0.168, 0.086, 0.223), (0.04, 0.415, 0.531, 0.014), (0.622, 0.166, 0.104, 0.108), (0.513, 0.393, 0.057, 0.037), (0.578, 0.241, 0.117, 0.064), (0.87, 0.044, 0.032, 0.054), (0.307, 0.515, 0.028, 0.15), (0.288, 0.564, 0.024, 0.124), (0.591, 0.286, 0.077, 0.046), (0.892, 0.091, 0.008, 0.009), (0.842, 0.013, 0.052, 0.093), (0.178, 0.628, 0.014, 0.18), (0.331, 0.137, 0.032, 0.5), (0.804, 0.005, 0.157, 0.034), (0.093, 0.707, 0.078, 0.122), (0.405, 0.002, 0.461, 0.132), (0.212, 0.185, 0.102, 0.501), (0.48, 0.239, 0.243, 0.038), (0.66, 0.089, 0.146, 0.105), (0.738, 0.042, 0.114, 0.106), (0.877, 0.07, 0.039, 0.014), (0.185, 0.784, 0.022, 0.009), (0.496, 0.163, 0.254, 0.087), (0.211, 0.368, 0.212, 0.209), (0.722, 0.09, 0.066, 0.122), (0.714, 0.202, 0.068, 0.016), (0.3, 0.247, 0.222, 0.231), (0.272, 0.294, 0.03, 0.404), (0.146, 0.558, 0.228, 0.068), (0.922, 0.069, 0.0, 0.009), (0.182, 0.786, 0.013, 0.019), (0.752, 0.18, 0.039, 0.029), (0.908, 0.065, 0.008, 0.019), (0.262, 0.704, 0.015, 0.019), (0.85, 0.087, 0.06, 0.003), (0.221, 0.141, 0.374, 0.264), (0.186, 0.758, 0.048, 0.008), (0.212, 0.371, 0.403, 0.014), (0.631, 0.139, 0.189, 0.041), (0.07, 0.27, 0.395, 0.265), (0.369, 0.254, 0.035, 0.342), (0.917, 0.005, 0.052, 0.026), (0.584, 0.204, 0.2, 0.012), (0.916, 0.042, 0.022, 0.02), (0.696, 0.299, 0.004, 0.001), (0.028, 0.622, 0.2, 0.15), (0.618, 0.291, 0.065, 0.026), (0.8, 0.17, 0.017, 0.013), (0.172, 0.431, 0.001, 0.396), (0.647, 0.154, 0.094, 0.105), (0.65, 0.059, 0.139, 0.152), (0.273, 0.476, 0.213, 0.038), (0.628, 0.343, 0.001, 0.028), (0.503, 0.235, 0.224, 0.038), (0.176, 0.362, 0.425, 0.037), (0.794, 0.12, 0.028, 0.058), (0.302, 0.532, 0.03, 0.136), (0.889, 0.094, 0.001, 0.016), (0.34, 0.325, 0.308, 0.027), (0.269, 0.689, 0.011, 0.031), (0.798, 0.003, 0.083, 0.116), (0.784, 0.043, 0.063, 0.11), (0.353, 0.474, 0.111, 0.062), (0.706, 0.199, 0.017, 0.078), (0.926, 0.024, 0.005, 0.045), (0.331, 0.391, 0.08, 0.198), (0.413, 0.203, 0.188, 0.196), (0.234, 0.458, 0.28, 0.028), (0.206, 0.269, 0.344, 0.181), (0.735, 0.127, 0.078, 0.06), (0.002, 0.547, 0.345, 0.106), (0.493, 0.358, 0.124, 0.025), (0.863, 0.078, 0.009, 0.05), (0.191, 0.365, 0.348, 0.096), (0.538, 0.282, 0.023, 0.157), (0.483, 0.419, 0.039, 0.059), (0.341, 0.188, 0.359, 0.112), (0.131, 0.494, 0.012, 0.363), (0.986, 0.008, 0.005, 0.001), (0.881, 0.087, 0.017, 0.015), (0.183, 0.256, 0.263, 0.298), (0.899, 0.01, 0.02, 0.071), (0.042, 0.313, 0.265, 0.38), (0.648, 0.304, 0.041, 0.007), (0.271, 0.268, 0.323, 0.138), (0.894, 0.001, 0.053, 0.052), (0.75, 0.232, 0.004, 0.014), (0.414, 0.478, 0.002, 0.106), (0.362, 0.577, 0.028, 0.033), (0.984, 0.01, 0.006, 0.0), (0.381, 0.532, 0.053, 0.034), (0.884, 0.024, 0.052, 0.04), (0.116, 0.554, 0.223, 0.107), (0.533, 0.178, 0.263, 0.026), (0.742, 0.167, 0.035, 0.056), (0.774, 0.167, 0.037, 0.022), (0.276, 0.078, 0.165, 0.481), (0.407, 0.449, 0.008, 0.136), (0.616, 0.051, 0.17, 0.163), (0.107, 0.482, 0.411, 0.0), (0.016, 0.622, 0.274, 0.088), (0.438, 0.357, 0.084, 0.121), (0.089, 0.139, 0.131, 0.641), (0.508, 0.48, 0.003, 0.009), (0.597, 0.331, 0.033, 0.039), (0.334, 0.343, 0.142, 0.181), (0.045, 0.809, 0.125, 0.021), (0.238, 0.5, 0.046, 0.216), (0.108, 0.827, 0.022, 0.043), (0.298, 0.133, 0.305, 0.264), (0.428, 0.046, 0.017, 0.509), (0.503, 0.179, 0.051, 0.267), (0.765, 0.217, 0.007, 0.011), (0.451, 0.254, 0.156, 0.139), (0.724, 0.083, 0.19, 0.003), (0.937, 0.006, 0.022, 0.035), (0.029, 0.967, 0.004, 0.0), (0.046, 0.709, 0.084, 0.161), (0.67, 0.089, 0.069, 0.172), (0.084, 0.266, 0.59, 0.06), (0.397, 0.351, 0.22, 0.032), (0.361, 0.379, 0.176, 0.084), (0.758, 0.065, 0.09, 0.087), (0.051, 0.371, 0.185, 0.393), (0.276, 0.312, 0.359, 0.053), (0.467, 0.121, 0.286, 0.126), (0.762, 0.205, 0.033, 0.0), (0.743, 0.151, 0.104, 0.002), (0.838, 0.132, 0.015, 0.015), (0.581, 0.263, 0.066, 0.09), (0.403, 0.449, 0.077, 0.071), (0.254, 0.207, 0.38, 0.159), (0.143, 0.828, 0.012, 0.017), (0.218, 0.167, 0.099, 0.516), (0.892, 0.089, 0.004, 0.015), (0.867, 0.046, 0.037, 0.05), (0.355, 0.191, 0.384, 0.07), (0.335, 0.658, 0.002, 0.005), (0.761, 0.1, 0.032, 0.107), (0.336, 0.458, 0.007, 0.199), (0.255, 0.357, 0.323, 0.065), (0.984, 0.005, 0.004, 0.007), (0.916, 0.075, 0.009, 0.0), (0.048, 0.345, 0.496, 0.111), (0.919, 0.002, 0.05, 0.029), (0.197, 0.563, 0.142, 0.098), (0.999, 0.0, 0.001, 0.0), (0.19, 0.44, 0.304, 0.066), (0.727, 0.072, 0.166, 0.035), (0.738, 0.223, 0.035, 0.004), (0.049, 0.266, 0.181, 0.504), (0.371, 0.033, 0.399, 0.197), (0.526, 0.211, 0.047, 0.216), (0.869, 0.014, 0.064, 0.053), (0.626, 0.213, 0.059, 0.102), (0.64, 0.123, 0.044, 0.193), (0.192, 0.255, 0.512, 0.041), (0.42, 0.234, 0.219, 0.127), (0.588, 0.263, 0.026, 0.123), (0.924, 0.018, 0.034, 0.024), (0.298, 0.41, 0.038, 0.254), (0.514, 0.361, 0.003, 0.122), (0.396, 0.375, 0.201, 0.028), (0.373, 0.366, 0.036, 0.225), (0.034, 0.459, 0.045, 0.462), (0.894, 0.004, 0.008, 0.094), (0.995, 0.003, 0.0, 0.002), (0.076, 0.67, 0.037, 0.217), (0.862, 0.026, 0.047, 0.065), (0.628, 0.109, 0.013, 0.25), (0.808, 0.049, 0.116, 0.027), (0.758, 0.084, 0.069, 0.089), (0.702, 0.004, 0.278, 0.016), (0.976, 0.022, 0.002, 0.0), (0.852, 0.034, 0.002, 0.112), (0.427, 0.253, 0.194, 0.126), (0.476, 0.187, 0.096, 0.241), (0.536, 0.401, 0.04, 0.023), (0.551, 0.446, 0.0, 0.003), (0.298, 0.229, 0.189, 0.284), (0.65, 0.096, 0.115, 0.139), (0.612, 0.209, 0.103, 0.076), (0.104, 0.881, 0.015, 0.0), (0.819, 0.176, 0.0, 0.005), (0.421, 0.498, 0.042, 0.039), (0.332, 0.031, 0.502, 0.135), (0.962, 0.007, 0.021, 0.01), (0.429, 0.297, 0.185, 0.089), (0.129, 0.502, 0.006, 0.363), (0.116, 0.42, 0.425, 0.039), (0.043, 0.317, 0.562, 0.078), (0.944, 0.002, 0.035, 0.019), (0.147, 0.707, 0.142, 0.004), (0.242, 0.419, 0.25, 0.089), (0.647, 0.147, 0.123, 0.083), (0.33, 0.299, 0.09, 0.281), (0.324, 0.404, 0.101, 0.171), (0.594, 0.365, 0.031, 0.01), (0.212, 0.295, 0.143, 0.35), (0.899, 0.06, 0.025, 0.016), (0.109, 0.271, 0.35, 0.27), (0.459, 0.281, 0.061, 0.199), (0.065, 0.74, 0.073, 0.122), (0.122, 0.25, 0.522, 0.106), (0.391, 0.016, 0.509, 0.084), (0.078, 0.386, 0.454, 0.082), (0.597, 0.01, 0.134, 0.259), (0.424, 0.114, 0.107, 0.355), (0.714, 0.212, 0.026, 0.048), (0.381, 0.027, 0.131, 0.461), (0.099, 0.16, 0.249, 0.492), (0.697, 0.025, 0.258, 0.02), (0.45, 0.219, 0.146, 0.185), (0.289, 0.452, 0.036, 0.223), (0.494, 0.381, 0.106, 0.019), (0.968, 0.009, 0.001, 0.022), (0.379, 0.543, 0.047, 0.031), (0.306, 0.577, 0.059, 0.058), (0.263, 0.225, 0.109, 0.403), (0.935, 0.047, 0.004, 0.014), (0.907, 0.091, 0.001, 0.001), (0.1, 0.157, 0.236, 0.507), (0.37, 0.002, 0.258, 0.37), (0.168, 0.084, 0.235, 0.513), (0.273, 0.16, 0.172, 0.395), (0.612, 0.275, 0.011, 0.102), (0.245, 0.432, 0.139, 0.184), (0.301, 0.576, 0.083, 0.04), (0.366, 0.471, 0.027, 0.136), (0.552, 0.01, 0.438, 0.0), (0.873, 0.072, 0.037, 0.018), (0.724, 0.115, 0.124, 0.037), (0.805, 0.18, 0.014, 0.001), (0.596, 0.285, 0.1, 0.019), (0.607, 0.147, 0.166, 0.08), (0.761, 0.066, 0.019, 0.154), (0.325, 0.602, 0.022, 0.051), (0.816, 0.103, 0.054, 0.027), (0.167, 0.581, 0.142, 0.11), (0.112, 0.566, 0.01, 0.312), (0.846, 0.149, 0.005, 0.0), (0.959, 0.04, 0.001, 0.0), (0.68, 0.113, 0.022, 0.185), (0.108, 0.516, 0.243, 0.133), (0.1, 0.147, 0.338, 0.415), (0.573, 0.137, 0.232, 0.058), (0.214, 0.512, 0.065, 0.209), (0.874, 0.025, 0.03, 0.071), (0.867, 0.038, 0.06, 0.035), (0.251, 0.1, 0.143, 0.506), (0.971, 0.001, 0.01, 0.018), (0.936, 0.024, 0.022, 0.018), (0.84, 0.151, 0.009, 0.0), (0.465, 0.109, 0.205, 0.221), (0.086, 0.427, 0.264, 0.223), (0.238, 0.665, 0.078, 0.019), (0.104, 0.855, 0.018, 0.023), (0.572, 0.18, 0.079, 0.169), (0.241, 0.559, 0.035, 0.165), (0.498, 0.119, 0.102, 0.281), (0.563, 0.411, 0.007, 0.019), (0.11, 0.075, 0.738, 0.077), (0.531, 0.285, 0.167, 0.017), (0.428, 0.48, 0.043, 0.049), (0.152, 0.093, 0.083, 0.672), (0.633, 0.16, 0.155, 0.052), (0.439, 0.441, 0.036, 0.084), (0.78, 0.023, 0.026, 0.171), (0.816, 0.086, 0.058, 0.04), (0.516, 0.463, 0.008, 0.013), (0.517, 0.298, 0.007, 0.178), (0.834, 0.029, 0.122, 0.015), (0.586, 0.098, 0.126, 0.19), (0.717, 0.127, 0.068, 0.088), (0.463, 0.359, 0.033, 0.145), (0.345, 0.613, 0.001, 0.041), (0.07, 0.909, 0.014, 0.007), (0.934, 0.064, 0.0, 0.002), (0.843, 0.029, 0.039, 0.089), (0.374, 0.379, 0.02, 0.227), (0.533, 0.02, 0.346, 0.101), (0.638, 0.208, 0.052, 0.102), (0.753, 0.24, 0.007, 0.0), (0.389, 0.334, 0.041, 0.236), (0.325, 0.02, 0.574, 0.081), (0.021, 0.615, 0.359, 0.005), (0.072, 0.659, 0.219, 0.05), (0.318, 0.073, 0.208, 0.401), (0.753, 0.009, 0.064, 0.174), (0.506, 0.137, 0.31, 0.047), (0.925, 0.054, 0.0, 0.021), (0.924, 0.015, 0.017, 0.044), (1.0, 0.0, 0.0, 0.0), (0.26, 0.368, 0.248, 0.124), (0.873, 0.097, 0.007, 0.023), (0.106, 0.783, 0.083, 0.028), (0.095, 0.682, 0.014, 0.209), (0.919, 0.068, 0.013, 0.0), (0.418, 0.242, 0.325, 0.015), (0.759, 0.069, 0.089, 0.083), (0.974, 0.017, 0.005, 0.004), (0.188, 0.352, 0.387, 0.073), (0.847, 0.032, 0.072, 0.049), (0.299, 0.354, 0.149, 0.198), (0.293, 0.479, 0.137, 0.091), (0.715, 0.078, 0.13, 0.077), (0.573, 0.2, 0.142, 0.085), (0.039, 0.678, 0.233, 0.05), (0.388, 0.074, 0.249, 0.289), (0.537, 0.291, 0.001, 0.171), (0.817, 0.095, 0.087, 0.001), (0.256, 0.627, 0.11, 0.007), (0.841, 0.1, 0.055, 0.004), (0.09, 0.06, 0.536, 0.314), (0.191, 0.603, 0.15, 0.056), (0.716, 0.119, 0.106, 0.059), (0.585, 0.4, 0.009, 0.006), (0.461, 0.018, 0.028, 0.493), (0.486, 0.312, 0.189, 0.013), (0.883, 0.044, 0.064, 0.009), (0.106, 0.812, 0.031, 0.051), (0.091, 0.892, 0.002, 0.015), (0.046, 0.159, 0.279, 0.516), (0.217, 0.323, 0.22, 0.24), (0.466, 0.02, 0.147, 0.367), (0.958, 0.034, 0.006, 0.002), (0.668, 0.115, 0.2, 0.017), (0.059, 0.639, 0.251, 0.051), (0.609, 0.103, 0.091, 0.197), (0.919, 0.021, 0.011, 0.049), (0.47, 0.179, 0.273, 0.078), (0.276, 0.37, 0.204, 0.15), (0.148, 0.598, 0.136, 0.118), (0.619, 0.024, 0.007, 0.35), (0.601, 0.18, 0.051, 0.168), (0.427, 0.207, 0.22, 0.146), (0.442, 0.129, 0.178, 0.251), (0.146, 0.246, 0.213, 0.395), (0.602, 0.365, 0.019, 0.014), (0.568, 0.189, 0.087, 0.156), (0.258, 0.508, 0.077, 0.157), (0.031, 0.164, 0.19, 0.615), (0.641, 0.154, 0.172, 0.033), (0.449, 0.151, 0.126, 0.274), (0.839, 0.034, 0.114, 0.013), (0.93, 0.06, 0.006, 0.004), (0.188, 0.039, 0.76, 0.013), (0.308, 0.175, 0.067, 0.45), (0.353, 0.205, 0.143, 0.299), (0.577, 0.244, 0.052, 0.127), (0.547, 0.093, 0.07, 0.29), (0.534, 0.126, 0.211, 0.129), (0.631, 0.369, 0.0, 0.0), (0.435, 0.074, 0.396, 0.095), (0.766, 0.022, 0.052, 0.16), (0.79, 0.172, 0.016, 0.022), (0.328, 0.547, 0.057, 0.068), (0.333, 0.156, 0.449, 0.062), (0.877, 0.087, 0.012, 0.024), (0.187, 0.788, 0.019, 0.006), (0.206, 0.771, 0.006, 0.017), (0.09, 0.421, 0.06, 0.429), (0.841, 0.095, 0.024, 0.04), (0.884, 0.105, 0.001, 0.01), (0.92, 0.045, 0.016, 0.019), (0.579, 0.011, 0.085, 0.325), (0.864, 0.02, 0.092, 0.024), (0.629, 0.246, 0.057, 0.068), (0.978, 0.001, 0.008, 0.013), (0.185, 0.566, 0.1, 0.149), (0.795, 0.086, 0.0, 0.119), (0.611, 0.329, 0.057, 0.003), (0.876, 0.087, 0.017, 0.02), (0.078, 0.362, 0.043, 0.517), (0.691, 0.139, 0.066, 0.104), (0.734, 0.227, 0.004, 0.035), (0.272, 0.004, 0.13, 0.594), (0.293, 0.464, 0.019, 0.224), (0.483, 0.012, 0.434, 0.071), (0.145, 0.207, 0.259, 0.389), (0.44, 0.414, 0.132, 0.014), (0.368, 0.307, 0.259, 0.066), (0.31, 0.219, 0.176, 0.295), (0.924, 0.073, 0.002, 0.001), (0.103, 0.212, 0.021, 0.664), (0.317, 0.618, 0.017, 0.048), (0.438, 0.403, 0.028, 0.131), (0.54, 0.186, 0.208, 0.066), (0.156, 0.442, 0.367, 0.035), (0.303, 0.248, 0.079, 0.37), (0.264, 0.002, 0.421, 0.313), (0.263, 0.179, 0.304, 0.254), (0.582, 0.272, 0.043, 0.103), (0.562, 0.378, 0.042, 0.018), (0.698, 0.066, 0.082, 0.154), (0.079, 0.535, 0.091, 0.295), (0.474, 0.268, 0.186, 0.072), (0.413, 0.173, 0.171, 0.243), (0.739, 0.045, 0.068, 0.148), (0.597, 0.187, 0.095, 0.121), (0.561, 0.258, 0.055, 0.126), (