{
 "cells": [
  {
   "cell_type": "code",
   "execution_count": 1,
   "id": "b2a9d072",
   "metadata": {},
   "outputs": [
    {
     "name": "stdout",
     "output_type": "stream",
     "text": [
      "[(0.494, 0.003, 0.503), (0.873, 0.103, 0.024), (0.382, 0.562, 0.056), (0.06, 0.831, 0.109), (0.929, 0.065, 0.006), (0.337, 0.222, 0.441), (0.233, 0.045, 0.722), (0.893, 0.08, 0.027), (0.39, 0.384, 0.226), (0.82, 0.169, 0.011), (0.688, 0.036, 0.276), (0.209, 0.469, 0.322), (0.215, 0.347, 0.438), (0.956, 0.044, 0.0), (0.276, 0.343, 0.381), (0.103, 0.683, 0.214), (0.236, 0.208, 0.556), (0.514, 0.44, 0.046), (0.878, 0.019, 0.103), (0.448, 0.201, 0.351), (0.818, 0.165, 0.017), (0.048, 0.685, 0.267), (0.478, 0.378, 0.144), (0.38, 0.401, 0.219), (0.934, 0.039, 0.027), (0.439, 0.311, 0.25), (0.516, 0.03, 0.454), (0.502, 0.046, 0.452), (0.429, 0.166, 0.405), (0.335, 0.224, 0.441), (0.214, 0.572, 0.214), (0.788, 0.076, 0.136), (0.708, 0.273, 0.019), (0.736, 0.1, 0.164), (0.212, 0.014, 0.774), (0.356, 0.123, 0.521), (0.397, 0.363, 0.24), (0.078, 0.542, 0.38), (0.286, 0.713, 0.001), (0.628, 0.213, 0.159), (0.59, 0.273, 0.137), (0.341, 0.274, 0.385), (0.975, 0.015, 0.01), (0.628, 0.225, 0.147), (0.495, 0.309, 0.196), (0.001, 0.481, 0.518), (0.375, 0.466, 0.159), (0.104, 0.131, 0.765), (0.764, 0.213, 0.023), (0.351, 0.152, 0.497), (0.054, 0.265, 0.681), (0.344, 0.532, 0.124), (0.904, 0.039, 0.057), (0.904, 0.01, 0.086), (0.279, 0.645, 0.076), (0.554, 0.311, 0.135), (0.986, 0.009, 0.005), (0.796, 0.197, 0.007), (0.881, 0.05, 0.069), (0.706, 0.163, 0.131), (0.679, 0.087, 0.234), (0.769, 0.147, 0.084), (0.893, 0.029, 0.078), (0.153, 0.725, 0.122), (0.648, 0.225, 0.127), (0.119, 0.088, 0.793), (0.067, 0.101, 0.832), (0.347, 0.038, 0.615), (0.728, 0.125, 0.147), (0.606, 0.026, 0.368), (0.547, 0.007, 0.446), (0.198, 0.341, 0.461), (0.418, 0.364, 0.218), (0.098, 0.191, 0.711), (0.046, 0.911, 0.043), (0.09, 0.155, 0.755), (0.025, 0.727, 0.248), (0.313, 0.446, 0.241), (0.073, 0.301, 0.626), (0.626, 0.275, 0.099), (0.401, 0.548, 0.051), (0.279, 0.426, 0.295), (0.892, 0.044, 0.064), (0.917, 0.012, 0.071), (0.496, 0.101, 0.403), (0.126, 0.685, 0.189), (0.68, 0.113, 0.207), (0.704, 0.281, 0.015), (0.834, 0.162, 0.004), (0.714, 0.035, 0.251), (0.571, 0.307, 0.122), (0.854, 0.043, 0.103), (0.19, 0.214, 0.596), (0.309, 0.363, 0.328), (0.512, 0.371, 0.117), (0.765, 0.088, 0.147), (0.843, 0.13, 0.027), (0.864, 0.121, 0.015), (0.008, 0.618, 0.374), (0.22, 0.476, 0.304), (0.852, 0.106, 0.042), (0.929, 0.067, 0.004), (0.839, 0.078, 0.083), (0.596, 0.321, 0.083), (0.784, 0.052, 0.164), (0.988, 0.008, 0.004), (0.868, 0.07, 0.062), (0.907, 0.068, 0.025), (0.287, 0.424, 0.289), (0.431, 0.261, 0.308), (0.987, 0.01, 0.003), (0.348, 0.319, 0.333), (0.684, 0.11, 0.206), (0.366, 0.333, 0.301), (0.184, 0.375, 0.441), (0.792, 0.044, 0.164), (0.883, 0.036, 0.081), (0.326, 0.574, 0.1), (0.359, 0.16, 0.481), (0.132, 0.119, 0.749), (0.557, 0.088, 0.355), (0.428, 0.509, 0.063), (0.256, 0.179, 0.565), (0.687, 0.267, 0.046), (0.055, 0.636, 0.309), (0.191, 0.351, 0.458), (0.61, 0.222, 0.168), (0.154, 0.008, 0.838), (0.988, 0.011, 0.001), (0.653, 0.142, 0.205), (0.601, 0.151, 0.248), (0.072, 0.037, 0.891), (0.62, 0.101, 0.279), (0.032, 0.249, 0.719), (0.593, 0.351, 0.056), (0.037, 0.932, 0.031), (0.013, 0.058, 0.929), (0.211, 0.19, 0.599), (0.261, 0.119, 0.62), (0.978, 0.004, 0.018), (0.326, 0.372, 0.302), (0.152, 0.566, 0.282), (0.156, 0.661, 0.183), (0.348, 0.028, 0.624), (0.107, 0.637, 0.256), (0.092, 0.895, 0.013), (0.523, 0.046, 0.431), (0.757, 0.103, 0.14), (0.087, 0.799, 0.114), (0.73, 0.187, 0.083), (0.298, 0.068, 0.634), (0.11, 0.761, 0.129), (0.586, 0.047, 0.367), (0.046, 0.001, 0.953), (0.719, 0.176, 0.105), (0.245, 0.097, 0.658), (0.962, 0.021, 0.017), (0.869, 0.058, 0.073), (0.097, 0.751, 0.152), (0.142, 0.596, 0.262), (0.987, 0.0, 0.013), (0.741, 0.027, 0.232), (0.761, 0.178, 0.061), (0.262, 0.384, 0.354), (0.905, 0.074, 0.021), (0.705, 0.035, 0.26), (0.397, 0.26, 0.343), (0.42, 0.182, 0.398), (0.769, 0.035, 0.196), (0.903, 0.043, 0.054), (0.816, 0.006, 0.178), (0.691, 0.204, 0.105), (0.002, 0.368, 0.63), (0.362, 0.037, 0.601), (0.739, 0.109, 0.152), (0.552, 0.348, 0.1), (0.005, 0.341, 0.654), (0.71, 0.24, 0.05), (0.676, 0.141, 0.183), (0.868, 0.066, 0.066), (0.638, 0.205, 0.157), (0.844, 0.028, 0.128), (0.415, 0.449, 0.136), (0.257, 0.684, 0.059), (0.44, 0.303, 0.257), (0.137, 0.756, 0.107), (0.754, 0.179, 0.067), (0.576, 0.169, 0.255), (0.645, 0.197, 0.158), (0.271, 0.471, 0.258), (0.736, 0.032, 0.232), (0.824, 0.143, 0.033), (0.693, 0.161, 0.146), (0.628, 0.324, 0.048), (0.031, 0.903, 0.066), (0.624, 0.044, 0.332), (0.86, 0.109, 0.031), (0.431, 0.498, 0.071), (0.797, 0.08, 0.123), (0.689, 0.222, 0.089), (0.823, 0.117, 0.06), (0.046, 0.47, 0.484), (0.69, 0.103, 0.207), (0.024, 0.019, 0.957), (0.023, 0.082, 0.895), (0.416, 0.178, 0.406), (0.086, 0.653, 0.261), (0.749, 0.082, 0.169), (0.862, 0.006, 0.132), (0.302, 0.152, 0.546), (0.746, 0.141, 0.113), (0.7, 0.15, 0.15), (0.988, 0.001, 0.011), (0.87, 0.036, 0.094), (0.612, 0.048, 0.34), (0.786, 0.149, 0.065), (0.681, 0.216, 0.103), (0.193, 0.396, 0.411), (0.815, 0.069, 0.116), (0.202, 0.533, 0.265), (0.802, 0.149, 0.049), (0.562, 0.092, 0.346), (0.923, 0.004, 0.073), (0.338, 0.01, 0.652), (0.879, 0.05, 0.071), (0.189, 0.685, 0.126), (0.5, 0.139, 0.361), (0.714, 0.114, 0.172), (0.734, 0.248, 0.018), (0.89, 0.007, 0.103), (0.048, 0.625, 0.327), (0.028, 0.37, 0.602), (0.136, 0.655, 0.209), (0.713, 0.212, 0.075), (0.972, 0.007, 0.021), (0.445, 0.276, 0.279), (0.002, 0.866, 0.132), (0.568, 0.14, 0.292), (0.796, 0.172, 0.032), (0.268, 0.65, 0.082), (0.047, 0.851, 0.102), (0.122, 0.476, 0.402), (0.841, 0.064, 0.095), (0.37, 0.001, 0.629), (0.67, 0.194, 0.136), (0.41, 0.256, 0.334), (0.106, 0.151, 0.743), (0.369, 0.229, 0.402), (0.326, 0.47, 0.204), (0.441, 0.363, 0.196), (0.639, 0.054, 0.307), (0.379, 0.472, 0.149), (0.729, 0.033, 0.238), (0.832, 0.052, 0.116), (0.82, 0.0, 0.18), (0.871, 0.093, 0.036), (0.099, 0.34, 0.561), (0.678, 0.108, 0.214), (0.884, 0.033, 0.083), (0.825, 0.072, 0.103), (0.301, 0.309, 0.39), (0.253, 0.636, 0.111), (0.358, 0.536, 0.106), (0.078, 0.861, 0.061), (0.937, 0.05, 0.013), (0.502, 0.357, 0.141), (0.096, 0.182, 0.722), (0.208, 0.071, 0.721), (0.829, 0.163, 0.008), (0.103, 0.074, 0.823), (0.218, 0.233, 0.549), (0.676, 0.235, 0.089), (0.017, 0.68, 0.303), (0.154, 0.042, 0.804), (0.914, 0.029, 0.057), (0.376, 0.05, 0.574), (0.459, 0.092, 0.449), (0.156, 0.816, 0.028), (0.021, 0.758, 0.221), (0.597, 0.08, 0.323), (0.471, 0.509, 0.02), (0.332, 0.329, 0.339), (0.138, 0.227, 0.635), (0.655, 0.025, 0.32), (0.242, 0.019, 0.739), (0.766, 0.041, 0.193), (0.563, 0.045, 0.392), (0.203, 0.577, 0.22), (0.669, 0.22, 0.111), (0.315, 0.378, 0.307), (0.68, 0.315, 0.005), (0.758, 0.053, 0.189), (0.905, 0.002, 0.093), (0.097, 0.397, 0.506), (0.236, 0.526, 0.238), (0.234, 0.513, 0.253), (0.826, 0.038, 0.136), (0.896, 0.026, 0.078), (0.115, 0.131, 0.754), (0.647, 0.275, 0.078), (0.787, 0.133, 0.08), (0.928, 0.037, 0.035), (0.305, 0.09, 0.605), (0.306, 0.103, 0.591), (0.415, 0.502, 0.083), (0.02, 0.637, 0.343), (0.918, 0.043, 0.039), (0.294, 0.378, 0.328), (0.067, 0.13, 0.803), (0.522, 0.142, 0.336), (0.196, 0.042, 0.762), (0.727, 0.011, 0.262), (0.728, 0.177, 0.095), (0.516, 0.174, 0.31), (0.677, 0.065, 0.258), (0.868, 0.117, 0.015), (0.976, 0.013, 0.011), (0.117, 0.649, 0.234), (0.604, 0.092, 0.304), (0.152, 0.784, 0.064), (0.142, 0.214, 0.644), (0.47, 0.078, 0.452), (0.231, 0.408, 0.361), (0.897, 0.001, 0.102), (0.865, 0.02, 0.115), (0.692, 0.228, 0.08), (0.765, 0.16, 0.075), (0.943, 0.042, 0.015), (0.736, 0.259, 0.005), (0.133, 0.296, 0.571), (0.267, 0.595, 0.138), (0.787, 0.034, 0.179), (0.022, 0.776, 0.202), (0.058, 0.086, 0.856), (0.375, 0.234, 0.391), (0.244, 0.627, 0.129), (0.282, 0.425, 0.293), (0.931, 0.05, 0.019), (0.414, 0.517, 0.069), (0.261, 0.431, 0.308), (0.712, 0.099, 0.189), (0.592, 0.062, 0.346), (0.504, 0.303, 0.193), (0.925, 0.072, 0.003), (0.068, 0.283, 0.649), (0.661, 0.084, 0.255), (0.867, 0.003, 0.13), (0.075, 0.289, 0.636), (0.929, 0.063, 0.008), (0.995, 0.002, 0.003), (0.158, 0.804, 0.038), (0.82, 0.015, 0.165), (0.0, 0.003, 0.997), (0.551, 0.066, 0.383), (0.861, 0.013, 0.126), (0.369, 0.54, 0.091), (0.167, 0.093, 0.74), (0.411, 0.269, 0.32), (0.828, 0.076, 0.096), (0.914, 0.085, 0.001), (0.645, 0.026, 0.329), (0.391, 0.124, 0.485), (0.635, 0.221, 0.144), (0.511, 0.087, 0.402), (0.938, 0.01, 0.052), (0.905, 0.017, 0.078), (0.443, 0.25, 0.307), (0.491, 0.065, 0.444), (0.263, 0.71, 0.027), (0.378, 0.153, 0.469), (0.217, 0.763, 0.02), (0.964, 0.032, 0.004), (0.207, 0.202, 0.591), (0.589, 0.053, 0.358), (0.601, 0.324, 0.075), (0.021, 0.24, 0.739), (0.656, 0.29, 0.054), (0.414, 0.062, 0.524), (0.175, 0.057, 0.768), (0.19, 0.572, 0.238), (0.594, 0.256, 0.15), (0.969, 0.002, 0.029), (0.343, 0.384, 0.273), (0.685, 0.159, 0.156), (0.505, 0.4, 0.095), (0.262, 0.719, 0.019), (0.892, 0.001, 0.107), (0.286, 0.163, 0.551), (0.053, 0.499, 0.448), (0.018, 0.226, 0.756), (0.858, 0.08, 0.062), (0.163, 0.588, 0.249), (0.21, 0.031, 0.759), (0.71, 0.13, 0.16), (0.617, 0.221, 0.162), (0.419, 0.185, 0.396), (0.66, 0.086, 0.254), (0.156, 0.22, 0.624), (0.437, 0.234, 0.329), (0.282, 0.508, 0.21), (0.802, 0.102, 0.096), (0.088, 0.396, 0.516), (0.934, 0.053, 0.013), (0.694, 0.306, 0.0), (0.907, 0.081, 0.012), (0.899, 0.063, 0.038), (0.23, 0.46, 0.31), (0.242, 0.118, 0.64), (0.184, 0.485, 0.331), (0.026, 0.22, 0.754), (0.335, 0.622, 0.043), (0.848, 0.096, 0.056), (0.702, 0.222, 0.076), (0.169, 0.706, 0.125), (0.499, 0.02, 0.481), (0.806, 0.006, 0.188), (0.614, 0.114, 0.272), (0.113, 0.152, 0.735), (0.086, 0.718, 0.196), (0.778, 0.084, 0.138), (0.755, 0.03, 0.215), (0.123, 0.48, 0.397), (0.855, 0.139, 0.006), (0.41, 0.138, 0.452), (0.198, 0.402, 0.4), (0.836, 0.035, 0.129), (0.479, 0.175, 0.346), (0.573, 0.013, 0.414), (0.776, 0.174, 0.05), (0.111, 0.574, 0.315), (0.548, 0.246, 0.206), (0.958, 0.005, 0.037), (0.052, 0.846, 0.102), (0.569, 0.409, 0.022), (0.946, 0.003, 0.051), (0.07, 0.438, 0.492), (0.952, 0.017, 0.031), (0.028, 0.444, 0.528), (0.931, 0.069, 0.0), (0.689, 0.059, 0.252), (0.213, 0.198, 0.589), (0.439, 0.019, 0.542), (0.165, 0.152, 0.683), (0.462, 0.023, 0.515), (0.439, 0.225, 0.336), (0.536, 0.199, 0.265), (0.498, 0.207, 0.295), (0.842, 0.033, 0.125), (0.179, 0.088, 0.733), (0.564, 0.06, 0.376), (0.408, 0.148, 0.444), (0.137, 0.687, 0.176), (0.368, 0.229, 0.403), (0.142, 0.288, 0.57), (0.921, 0.077, 0.002), (0.104, 0.226, 0.67), (0.247, 0.714, 0.039), (0.901, 0.086, 0.013), (0.623, 0.311, 0.066), (0.462, 0.41, 0.128), (0.091, 0.747, 0.162), (0.102, 0.254, 0.644), (0.797, 0.053, 0.15), (0.994, 0.004, 0.002), (0.835, 0.032, 0.133), (0.309, 0.578, 0.113), (0.809, 0.06, 0.131), (0.444, 0.171, 0.385), (0.78, 0.155, 0.065), (0.477, 0.314, 0.209), (0.199, 0.297, 0.504), (0.868, 0.106, 0.026), (0.16, 0.38, 0.46), (0.601, 0.16, 0.239), (0.541, 0.252, 0.207), (0.29, 0.397, 0.313), (0.281, 0.572, 0.147), (0.852, 0.049, 0.099), (0.399, 0.126, 0.475), (0.918, 0.004, 0.078), (0.897, 0.04, 0.063), (0.64, 0.231, 0.129), (0.826, 0.048, 0.126), (0.851, 0.141, 0.008), (0.681, 0.283, 0.036), (0.768, 0.14, 0.092), (0.007, 0.843, 0.15), (0.1, 0.362, 0.538), (0.106, 0.334, 0.56), (0.268, 0.424, 0.308), (0.859, 0.11, 0.031), (0.753, 0.204, 0.043), (0.646, 0.195, 0.159), (0.147, 0.593, 0.26), (0.873, 0.03, 0.097), (0.911, 0.021, 0.068), (0.303, 0.277, 0.42), (0.233, 0.649, 0.118), (0.494, 0.34, 0.166), (0.011, 0.296, 0.693), (0.524, 0.429, 0.047), (0.11, 0.199, 0.691), (0.363, 0.446, 0.191), (0.316, 0.057, 0.627), (0.99, 0.008, 0.002), (0.406, 0.587, 0.007), (0.378, 0.255, 0.367), (0.201, 0.094, 0.705), (0.139, 0.17, 0.691), (0.918, 0.051, 0.031), (0.158, 0.425, 0.417), (0.994, 0.006, 0.0), (0.55, 0.143, 0.307), (0.316, 0.197, 0.487), (0.441, 0.334, 0.225), (0.521, 0.448, 0.031), (0.0, 0.635, 0.365), (0.439, 0.339, 0.222), (0.867, 0.092, 0.041), (0.237, 0.301, 0.462), (0.245, 0.461, 0.294), (0.095, 0.514, 0.391), (0.285, 0.174, 0.541), (0.669, 0.14, 0.191), (0.984, 0.005, 0.011), (0.95, 0.039, 0.011), (0.893, 0.021, 0.086), (0.109, 0.56, 0.331), (0.053, 0.375, 0.572), (0.642, 0.354, 0.004), (0.851, 0.148, 0.001), (0.955, 0.036, 0.009), (0.399, 0.291, 0.31), (0.684, 0.027, 0.289), (0.338, 0.513, 0.149), (0.687, 0.131, 0.182), (0.249, 0.396, 0.355), (0.6, 0.17, 0.23), (0.241, 0.011, 0.748), (0.338, 0.626, 0.036), (0.435, 0.373, 0.192), (0.366, 0.08, 0.554), (0.945, 0.038, 0.017), (0.159, 0.289, 0.552), (0.779, 0.077, 0.144), (0.339, 0.052, 0.609), (0.009, 0.284, 0.707), (0.78, 0.04, 0.18), (0.293, 0.674, 0.033), (0.246, 0.401, 0.353), (0.204, 0.523, 0.273), (0.735, 0.142, 0.123), (0.745, 0.197, 0.058), (0.038, 0.752, 0.21), (0.703, 0.037, 0.26), (0.719, 0.245, 0.036), (0.457, 0.458, 0.085), (0.259, 0.199, 0.542), (0.349, 0.016, 0.635), (0.529, 0.016, 0.455), (0.121, 0.545, 0.334), (0.665, 0.297, 0.038), (0.503, 0.189, 0.308), (0.429, 0.078, 0.493), (0.856, 0.075, 0.069), (0.867, 0.115, 0.018), (0.619, 0.181, 0.2), (0.61, 0.072, 0.318), (0.772, 0.201, 0.027), (0.14, 0.209, 0.651), (0.094, 0.477, 0.429), (0.638, 0.052, 0.31), (0.462, 0.206, 0.332), (0.977, 0.0, 0.023), (0.873, 0.094, 0.033), (0.62, 0.279, 0.101), (0.886, 0.099, 0.015), (0.701, 0.029, 0.27), (0.514, 0.255, 0.231), (0.415, 0.415, 0.17), (0.208, 0.162, 0.63), (0.137, 0.685, 0.178), (0.402, 0.229, 0.369), (0.203, 0.478, 0.319), (0.326, 0.366, 0.308), (0.287, 0.468, 0.245), (0.724, 0.068, 0.208), (0.806, 0.059, 0.135), (0.696, 0.278, 0.026), (0.92, 0.048, 0.032), (0.552, 0.007, 0.441), (0.119, 0.53, 0.351), (0.722, 0.223, 0.055), (0.398, 0.474, 0.128), (0.719, 0.02, 0.261), (0.62, 0.239, 0.141), (0.987, 0.002, 0.011), (0.039, 0.127, 0.834), (0.242, 0.551, 0.207), (0.081, 0.407, 0.512), (0.432, 0.189, 0.379), (0.397, 0.067, 0.536), (0.189, 0.76, 0.051), (0.872, 0.059, 0.069), (0.822, 0.144, 0.034), (0.116, 0.522, 0.362), (0.759, 0.185, 0.056), (0.541, 0.17, 0.289), (0.733, 0.029, 0.238), (0.503, 0.239, 0.258), (0.102, 0.546, 0.352), (0.969, 0.031, 0.0), (0.125, 0.826, 0.049), (0.665, 0.323, 0.012), (0.654, 0.215, 0.131), (0.78, 0.027, 0.193), (0.411, 0.022, 0.567), (0.776, 0.071, 0.153), (0.483, 0.228, 0.289), (0.964, 0.0, 0.036), (0.787, 0.149, 0.064), (0.533, 0.375, 0.092), (0.79, 0.182, 0.028), (0.86, 0.095, 0.045), (0.605, 0.293, 0.102), (0.182, 0.119, 0.699), (0.694, 0.19, 0.116), (0.182, 0.217, 0.601), (0.035, 0.424, 0.541), (0.587, 0.214, 0.199), (0.815, 0.078, 0.107), (0.819, 0.173, 0.008), (0.839, 0.101, 0.06), (0.464, 0.121, 0.415), (0.14, 0.44, 0.42), (0.042, 0.565, 0.393), (0.6, 0.371, 0.029), (0.027, 0.188, 0.785), (0.312, 0.264, 0.424), (0.174, 0.359, 0.467), (0.645, 0.1, 0.255), (0.857, 0.085, 0.058), (0.594, 0.039, 0.367), (0.615, 0.223, 0.162), (0.095, 0.251, 0.654), (0.873, 0.061, 0.066), (0.983, 0.002, 0.015), (0.343, 0.649, 0.008), (0.441, 0.069, 0.49), (0.629, 0.185, 0.186), (0.812, 0.124, 0.064), (0.969, 0.015, 0.016), (0.124, 0.138, 0.738), (0.977, 0.015, 0.008), (0.682, 0.283, 0.035), (0.366, 0.234, 0.4), (0.061, 0.225, 0.714), (0.114, 0.558, 0.328), (0.389, 0.578, 0.033), (0.193, 0.466, 0.341), (0.124, 0.817, 0.059), (0.394, 0.18, 0.426), (0.011, 0.201, 0.788), (0.691, 0.21, 0.099), (0.577, 0.185, 0.238), (0.722, 0.0, 0.278), (0.141, 0.007, 0.852), (0.607, 0.098, 0.295), (0.902, 0.065, 0.033), (0.789, 0.203, 0.008), (0.645, 0.199, 0.156), (0.03, 0.896, 0.074), (0.172, 0.461, 0.367), (0.604, 0.303, 0.093), (0.407, 0.444, 0.149), (0.786, 0.069, 0.145), (0.796, 0.153, 0.051), (0.16, 0.294, 0.546), (0.847, 0.064, 0.089), (0.43, 0.251, 0.319), (0.99, 0.003, 0.007), (0.354, 0.073, 0.573), (0.43, 0.21, 0.36), (0.873, 0.111, 0.016), (0.865, 0.114, 0.021), (0.347, 0.594, 0.059), (0.196, 0.554, 0.25), (0.507, 0.211, 0.282), (0.848, 0.012, 0.14), (0.773, 0.134, 0.093), (0.868, 0.071, 0.061), (0.43, 0.049, 0.521), (0.406, 0.068, 0.526), (0.704, 0.266, 0.03), (0.163, 0.708, 0.129), (0.865, 0.13, 0.005), (0.372, 0.46, 0.168), (0.893, 0.005, 0.102), (0.041, 0.283, 0.676), (0.85, 0.07, 0.08), (0.301, 0.667, 0.032), (0.868, 0.034, 0.098), (0.53, 0.27, 0.2), (0.189, 0.38, 0.431), (0.19, 0.129, 0.681), (0.069, 0.808, 0.123), (0.448, 0.018, 0.534), (0.828, 0.026, 0.146), (0.23, 0.618, 0.152), (0.834, 0.097, 0.069), (0.287, 0.045, 0.668), (0.18, 0.597, 0.223), (0.691, 0.044, 0.265), (0.148, 0.404, 0.448), (0.527, 0.31, 0.163), (0.365, 0.567, 0.068), (0.375, 0.574, 0.051), (0.628, 0.164, 0.208), (0.249, 0.151, 0.6), (0.965, 0.017, 0.018), (0.483, 0.274, 0.243), (0.15, 0.12, 0.73), (0.463, 0.15, 0.387), (0.297, 0.647, 0.056), (0.366, 0.202, 0.432), (0.488, 0.056, 0.456), (0.331, 0.329, 0.34), (0.962, 0.026, 0.012), (0.401, 0.528, 0.071), (0.468, 0.041, 0.491), (0.127, 0.683, 0.19), (0.563, 0.191, 0.246), (0.197, 0.505, 0.298), (0.916, 0.07, 0.014), (0.221, 0.577, 0.202), (0.535, 0.452, 0.013), (0.373, 0.009, 0.618), (0.586, 0.044, 0.37), (0.321, 0.637, 0.042), (0.551, 0.224, 0.225), (0.062, 0.773, 0.165), (0.803, 0.169, 0.028), (0.785, 0.004, 0.211), (0.626, 0.2, 0.174), (0.029, 0.001, 0.97), (0.759, 0.073, 0.168), (0.996, 0.003, 0.001), (0.458, 0.167, 0.375), (0.613, 0.284, 0.103), (0.262, 0.721, 0.017), (0.378, 0.379, 0.243), (0.999, 0.001, 0.0), (0.251, 0.576, 0.173), (0.679, 0.127, 0.194), (0.973, 0.021, 0.006), (0.763, 0.008, 0.229), (0.276, 0.452, 0.272), (0.643, 0.088, 0.269), (0.081, 0.892, 0.027), (0.802, 0.066, 0.132), (0.892, 0.065, 0.043), (0.477, 0.163, 0.36), (0.852, 0.121, 0.027), (0.856, 0.043, 0.101), (0.59, 0.289, 0.121), (0.116, 0.345, 0.539), (0.658, 0.262, 0.08), (0.419, 0.417, 0.164), (0.313, 0.299, 0.388), (0.933, 0.009, 0.058), (0.344, 0.319, 0.337), (0.795, 0.141, 0.064), (0.537, 0.091, 0.372), (0.457, 0.359, 0.184), (0.789, 0.168, 0.043), (0.885, 0.02, 0.095), (0.309, 0.589, 0.102), (0.98, 0.014, 0.006), (0.378, 0.588, 0.034), (0.503, 0.432, 0.065), (0.913, 0.054, 0.033), (0.758, 0.062, 0.18), (0.494, 0.072, 0.434), (0.277, 0.67, 0.053), (0.217, 0.114, 0.669), (0.012, 0.563, 0.425), (0.672, 0.024, 0.304), (0.375, 0.08, 0.545), (0.25, 0.677, 0.073), (0.759, 0.18, 0.061), (0.166, 0.782, 0.052), (0.332, 0.02, 0.648), (0.177, 0.128, 0.695), (0.112, 0.271, 0.617), (0.246, 0.172, 0.582), (0.357, 0.105, 0.538), (0.64, 0.074, 0.286), (0.547, 0.195, 0.258), (0.442, 0.162, 0.396), (0.348, 0.629, 0.023), (0.396, 0.293, 0.311), (0.689, 0.251, 0.06), (0.569, 0.176, 0.255), (0.733, 0.246, 0.021), (0.377, 0.332, 0.291), (0.405, 0.116, 0.479), (0.519, 0.283, 0.198), (0.395, 0.503, 0.102), (0.066, 0.105, 0.829), (0.986, 0.001, 0.013), (0.711, 0.15, 0.139), (0.033, 0.607, 0.36), (0.267, 0.531, 0.202), (0.345, 0.119, 0.536), (0.774, 0.179, 0.047), (0.055, 0.206, 0.739), (0.895, 0.082, 0.023), (0.595, 0.131, 0.274), (0.285, 0.248, 0.467), (0.497, 0.097, 0.406), (0.23, 0.624, 0.146), (0.36, 0.005, 0.635), (0.373, 0.189, 0.438), (0.01, 0.384, 0.606), (0.745, 0.249, 0.006), (0.509, 0.205, 0.286), (0.682, 0.222, 0.096), (0.738, 0.199, 0.063), (0.921, 0.058, 0.021), (0.128, 0.669, 0.203), (0.817, 0.064, 0.119), (0.101, 0.426, 0.473), (0.546, 0.25, 0.204), (0.396, 0.592, 0.012), (0.514, 0.055, 0.431), (0.276, 0.436, 0.288), (0.903, 0.055, 0.042), (0.316, 0.287, 0.397), (0.527, 0.187, 0.286), (0.424, 0.473, 0.103), (0.967, 0.001, 0.032), (0.395, 0.542, 0.063), (0.856, 0.006, 0.138), (0.71, 0.146, 0.144), (0.722, 0.097, 0.181), (0.582, 0.325, 0.093), (0.471, 0.073, 0.456), (0.001, 0.071, 0.928), (0.065, 0.071, 0.864), (0.621, 0.049, 0.33), (0.548, 0.385, 0.067), (0.13, 0.269, 0.601), (0.463, 0.514, 0.023), (0.93, 0.059, 0.011), (0.041, 0.605, 0.354), (0.176, 0.077, 0.747), (0.204, 0.366, 0.43), (0.154, 0.805, 0.041), (0.309, 0.207, 0.484), (0.393, 0.152, 0.455), (0.5, 0.497, 0.003), (0.745, 0.196, 0.059), (0.59, 0.107, 0.303), (0.123, 0.46, 0.417), (0.0, 0.879, 0.121), (0.809, 0.09, 0.101), (0.29, 0.193, 0.517), (0.466, 0.335, 0.199), (0.476, 0.416, 0.108), (0.301, 0.233, 0.466), (0.939, 0.0, 0.061), (0.59, 0.384, 0.026), (0.895, 0.07, 0.035), (0.98, 0.007, 0.013), (0.071, 0.393, 0.536), (0.668, 0.025, 0.307), (0.387, 0.43, 0.183), (0.023, 0.597, 0.38), (0.183, 0.227, 0.59), (0.398, 0.592, 0.01), (0.573, 0.248, 0.179), (0.401, 0.436, 0.163), (0.193, 0.003, 0.804), (0.723, 0.246, 0.031), (0.217, 0.151, 0.632), (0.904, 0.053, 0.043), (0.924, 0.015, 0.061), (0.613, 0.22, 0.167), (0.041, 0.104, 0.855), (0.566, 0.41, 0.024), (0.144, 0.305, 0.551), (0.677, 0.167, 0.156), (0.315, 0.564, 0.121), (0.166, 0.605, 0.229), (0.864, 0.03, 0.106), (0.525, 0.452, 0.023), (0.089, 0.031, 0.88), (0.706, 0.118, 0.176), (0.32, 0.326, 0.354), (0.066, 0.0, 0.934), (0.166, 0.618, 0.216), (0.93, 0.047, 0.023), (0.244, 0.698, 0.058), (0.79, 0.18, 0.03), (0.43, 0.448, 0.122), (0.471, 0.073, 0.456), (0.268, 0.037, 0.695), (0.969, 0.013, 0.018), (0.105, 0.264, 0.631), (0.112, 0.714, 0.174), (0.43, 0.053, 0.517), (0.993, 0.003, 0.004), (0.538, 0.222, 0.24), (0.349, 0.515, 0.136), (0.806, 0.068, 0.126), (0.592, 0.176, 0.232), (0.062, 0.891, 0.047), (0.729, 0.041, 0.23), (0.1, 0.708, 0.192), (0.992, 0.002, 0.006), (0.183, 0.079, 0.738), (0.397, 0.265, 0.338), (0.685, 0.003, 0.312), (0.254, 0.283, 0.463), (0.548, 0.136, 0.316), (0.439, 0.355, 0.206), (0.734, 0.093, 0.173), (0.598, 0.199, 0.203), (0.864, 0.122, 0.014), (0.992, 0.005, 0.003), (0.303, 0.198, 0.499), (0.823, 0.09, 0.087), (0.315, 0.633, 0.052), (0.329, 0.101, 0.57), (0.184, 0.093, 0.723), (0.713, 0.13, 0.157), (0.236, 0.613, 0.151), (0.193, 0.261, 0.546), (0.614, 0.272, 0.114), (0.427, 0.56, 0.013), (0.25, 0.602, 0.148), (0.787, 0.043, 0.17), (0.261, 0.18, 0.559), (0.977, 0.001, 0.022), (0.701, 0.084, 0.215), (0.376, 0.564, 0.06), (0.73, 0.165, 0.105), (0.619, 0.0, 0.381), (0.118, 0.689, 0.193), (0.581, 0.409, 0.01), (0.984, 0.002, 0.014), (0.551, 0.376, 0.073), (0.757, 0.124, 0.119), (0.376, 0.17, 0.454), (0.613, 0.133, 0.254), (0.582, 0.357, 0.061), (0.217, 0.597, 0.186), (0.409, 0.526, 0.065), (0.442, 0.413, 0.145), (0.502, 0.445, 0.053), (0.0, 0.875, 0.125), (0.53, 0.114, 0.356), (0.338, 0.14, 0.522), (0.811, 0.155, 0.034), (0.546, 0.11, 0.344), (0.837, 0.135, 0.028), (0.698, 0.004, 0.298), (0.214, 0.23, 0.556), (0.86, 0.024, 0.116), (0.125, 0.07, 0.805), (0.527, 0.333, 0.14), (0.152, 0.085, 0.763), (0.776, 0.032, 0.192), (0.701, 0.046, 0.253), (0.313, 0.522, 0.165), (0.297, 0.185, 0.518), (0.344, 0.429, 0.227), (0.205, 0.129, 0.666), (0.005, 0.498, 0.497), (0.732, 0.146, 0.122), (0.347, 0.076, 0.577), (0.088, 0.452, 0.46), (0.108, 0.408, 0.484), (0.815, 0.168, 0.017), (0.313, 0.391, 0.296), (0.277, 0.35, 0.373), (0.03, 0.798, 0.172), (0.941, 0.02, 0.039), (0.065, 0.414, 0.521), (0.361, 0.165, 0.474), (0.877, 0.086, 0.037), (0.872, 0.062, 0.066), (0.087, 0.141, 0.772), (0.168, 0.677, 0.155), (0.03, 0.175, 0.795), (0.622, 0.109, 0.269), (0.329, 0.645, 0.026), (0.3, 0.567, 0.133), (0.838, 0.13, 0.032), (0.242, 0.06, 0.698), (0.319, 0.489, 0.192), (0.828, 0.054, 0.118), (0.052, 0.112, 0.836), (0.388, 0.161, 0.451), (0.165, 0.074, 0.761), (0.535, 0.314, 0.151), (0.218, 0.118, 0.664), (0.497, 0.245, 0.258), (0.697, 0.302, 0.001), (0.181, 0.517, 0.302), (0.457, 0.41, 0.133), (0.201, 0.737, 0.062), (0.086, 0.313, 0.601), (0.332, 0.405, 0.263), (0.831, 0.029, 0.14), (0.949, 0.027, 0.024), (0.849, 0.091, 0.06), (0.827, 0.117, 0.056), (0.168, 0.056, 0.776), (0.382, 0.283, 0.335), (0.063, 0.623, 0.314), (0.435, 0.359, 0.206), (0.258, 0.46, 0.282), (0.471, 0.036, 0.493), (0.624, 0.075, 0.301), (0.162, 0.745, 0.093), (0.073, 0.525, 0.402), (0.616, 0.361, 0.023), (0.324, 0.083, 0.593), (0.088, 0.88, 0.032), (0.101, 0.524, 0.375), (0.799, 0.153, 0.048), (0.097, 0.447, 0.456), (0.953, 0.022, 0.025), (0.972, 0.016, 0.012), (0.701, 0.002, 0.297), (0.295, 0.266, 0.439), (0.049, 0.585, 0.366), (0.792, 0.02, 0.188), (0.591, 0.135, 0.274), (0.051, 0.225, 0.724), (0.985, 0.005, 0.01), (0.543, 0.261, 0.196), (0.56, 0.207, 0.233), (0.304, 0.412, 0.284), (0.488, 0.231, 0.281), (0.925, 0.028, 0.047), (0.127, 0.242, 0.631), (0.76, 0.2, 0.04), (0.005, 0.115, 0.88), (0.613, 0.151, 0.236), (0.024, 0.177, 0.799), (0.875, 0.118, 0.007), (0.301, 0.538, 0.161), (0.131, 0.479, 0.39), (0.871, 0.042, 0.087), (0.415, 0.079, 0.506), (0.689, 0.253, 0.058), (0.894, 0.026, 0.08), (0.718, 0.219, 0.063), (0.0, 0.207, 0.793), (0.097, 0.361, 0.542), (0.329, 0.33, 0.341), (0.849, 0.002, 0.149), (0.35, 0.361, 0.289), (0.457, 0.134, 0.409), (0.018, 0.107, 0.875), (0.807, 0.148, 0.045), (0.764, 0.191, 0.045), (0.683, 0.209, 0.108), (0.821, 0.049, 0.13), (0.052, 0.756, 0.192), (0.147, 0.287, 0.566), (0.397, 0.533, 0.07), (0.317, 0.215, 0.468), (0.972, 0.009, 0.019), (0.412, 0.297, 0.291), (0.653, 0.285, 0.062), (0.257, 0.15, 0.593), (0.884, 0.075, 0.041), (0.607, 0.118, 0.275), (0.017, 0.817, 0.166), (0.466, 0.228, 0.306), (0.001, 0.622, 0.377), (0.051, 0.21, 0.739), (0.63, 0.077, 0.293), (0.979, 0.01, 0.011), (0.238, 0.012, 0.75), (0.483, 0.226, 0.291), (0.586, 0.212, 0.202), (0.232, 0.456, 0.312), (0.569, 0.168, 0.263), (0.622, 0.15, 0.228), (0.54, 0.037, 0.423), (0.432, 0.286, 0.282), (0.054, 0.891, 0.055), (0.1, 0.556, 0.344), (0.711, 0.282, 0.007), (0.731, 0.028, 0.241), (0.125, 0.45, 0.425), (0.536, 0.096, 0.368), (0.498, 0.268, 0.234), (0.085, 0.266, 0.649), (0.952, 0.042, 0.006), (0.912, 0.055, 0.033), (0.43, 0.514, 0.056), (0.415, 0.186, 0.399), (0.008, 0.823, 0.169), (0.071, 0.622, 0.307), (0.556, 0.044, 0.4), (0.511, 0.4, 0.089), (0.634, 0.021, 0.345), (0.742, 0.245, 0.013), (0.471, 0.483, 0.046), (0.28, 0.536, 0.184), (0.443, 0.247, 0.31), (0.032, 0.654, 0.314), (0.873, 0.014, 0.113), (0.374, 0.599, 0.027), (0.776, 0.043, 0.181), (0.695, 0.08, 0.225), (0.058, 0.872, 0.07), (0.994, 0.001, 0.005), (0.176, 0.116, 0.708), (0.328, 0.489, 0.183), (0.189, 0.105, 0.706), (0.514, 0.14, 0.346), (0.416, 0.221, 0.363), (0.518, 0.114, 0.368), (0.267, 0.518, 0.215), (0.843, 0.122, 0.035), (0.988, 0.0, 0.012), (0.719, 0.25, 0.031), (0.368, 0.518, 0.114), (0.604, 0.092, 0.304), (0.717, 0.279, 0.004), (0.512, 0.327, 0.161), (0.502, 0.248, 0.25), (0.221, 0.27, 0.509), (0.775, 0.209, 0.016), (0.021, 0.851, 0.128), (0.774, 0.107, 0.119), (0.407, 0.416, 0.177), (0.815, 0.138, 0.047), (0.122, 0.209, 0.669), (0.351, 0.001, 0.648), (0.237, 0.651, 0.112), (0.781, 0.16, 0.059), (0.504, 0.284, 0.212), (0.873, 0.064, 0.063), (0.154, 0.244, 0.602), (0.667, 0.326, 0.007), (0.4, 0.082, 0.518), (0.704, 0.186, 0.11), (0.454, 0.535, 0.011), (0.699, 0.061, 0.24), (0.14, 0.553, 0.307), (0.786, 0.038, 0.176), (0.7, 0.273, 0.027), (0.963, 0.01, 0.027), (0.831, 0.066, 0.103), (0.235, 0.424, 0.341), (0.228, 0.758, 0.014), (0.656, 0.27, 0.074), (0.674, 0.11, 0.216), (0.115, 0.269, 0.616), (0.03, 0.379, 0.591), (0.455, 0.245, 0.3), (0.127, 0.719, 0.154), (0.72, 0.197, 0.083), (0.977, 0.018, 0.005), (0.09, 0.106, 0.804), (0.682, 0.061, 0.257), (0.288, 0.613, 0.099), (0.594, 0.267, 0.139), (0.408, 0.512, 0.08), (0.998, 0.002, 0.0), (0.923, 0.068, 0.009), (0.741, 0.067, 0.192), (0.86, 0.016, 0.124), (0.919, 0.009, 0.072), (0.346, 0.609, 0.045), (0.627, 0.122, 0.251), (0.72, 0.171, 0.109), (0.138, 0.544, 0.318), (0.79, 0.087, 0.123), (0.224, 0.652, 0.124), (0.369, 0.285, 0.346), (0.192, 0.768, 0.04), (0.286, 0.487, 0.227), (0.195, 0.508, 0.297), (0.987, 0.013, 0.0), (0.798, 0.067, 0.135), (0.609, 0.236, 0.155), (0.483, 0.432, 0.085), (0.798, 0.044, 0.158), (0.2, 0.308, 0.492), (0.926, 0.042, 0.032), (0.896, 0.031, 0.073), (0.664, 0.128, 0.208), (0.963, 0.019, 0.018), (0.994, 0.006, 0.0), (0.846, 0.142, 0.012), (0.584, 0.322, 0.094), (0.604, 0.115, 0.281), (0.187, 0.384, 0.429), (0.395, 0.36, 0.245), (0.796, 0.14, 0.064), (0.908, 0.004, 0.088), (0.95, 0.03, 0.02), (0.827, 0.169, 0.004), (0.521, 0.181, 0.298), (0.292, 0.252, 0.456), (0.505, 0.172, 0.323), (0.566, 0.058, 0.376), (0.612, 0.085, 0.303), (0.123, 0.679, 0.198), (0.547, 0.379, 0.074), (0.13, 0.154, 0.716), (0.396, 0.0, 0.604), (0.656, 0.328, 0.016), (0.473, 0.254, 0.273), (0.78, 0.084, 0.136), (0.16, 0.783, 0.057), (0.224, 0.116, 0.66), (0.5, 0.298, 0.202), (0.031, 0.05, 0.919), (0.038, 0.454, 0.508), (0.823, 0.025, 0.152), (0.165, 0.483, 0.352), (0.926, 0.02, 0.054), (0.322, 0.505, 0.173), (0.749, 0.025, 0.226), (0.299, 0.636, 0.065), (0.287, 0.671, 0.042), (0.304, 0.004, 0.692), (0.262, 0.346, 0.392), (0.185, 0.341, 0.474), (0.146, 0.468, 0.386), (0.593, 0.089, 0.318), (0.225, 0.212, 0.563), (0.867, 0.1, 0.033), (0.518, 0.16, 0.322), (0.325, 0.66, 0.015), (0.41, 0.174, 0.416), (0.621, 0.263, 0.116), (0.378, 0.258, 0.364), (0.235, 0.288, 0.477), (0.055, 0.385, 0.56), (0.606, 0.291, 0.103), (0.638, 0.29, 0.072), (0.392, 0.564, 0.044), (0.611, 0.024, 0.365), (0.622, 0.335, 0.043), (0.087, 0.903, 0.01), (0.097, 0.859, 0.044), (0.164, 0.058, 0.778), (0.494, 0.115, 0.391), (0.605, 0.086, 0.309), (0.913, 0.02, 0.067), (0.137, 0.262, 0.601), (0.52, 0.416, 0.064), (0.318, 0.101, 0.581), (0.574, 0.329, 0.097), (0.832, 0.043, 0.125), (0.28, 0.374, 0.346), (0.464, 0.267, 0.269), (0.606, 0.326, 0.068), (0.605, 0.299, 0.096), (0.125, 0.807, 0.068), (0.094, 0.517, 0.389), (0.592, 0.252, 0.156), (0.417, 0.047, 0.536), (0.277, 0.267, 0.456), (0.286, 0.148, 0.566), (0.399, 0.329, 0.272), (0.32, 0.575, 0.105), (0.63, 0.331, 0.039), (0.225, 0.536, 0.239), (0.9, 0.082, 0.018), (0.92, 0.034, 0.046), (0.92, 0.045, 0.035), (0.586, 0.248, 0.166), (0.324, 0.419, 0.257), (0.667, 0.152, 0.181), (0.828, 0.124, 0.048), (0.09, 0.463, 0.447), (0.786, 0.036, 0.178), (0.475, 0.214, 0.311), (0.762, 0.227, 0.011), (0.767, 0.013, 0.22), (0.004, 0.22, 0.776), (0.874, 0.101, 0.025), (0.896, 0.087, 0.017), (0.775, 0.119, 0.106), (0.585, 0.255, 0.16), (0.155, 0.79, 0.055), (0.41, 0.005, 0.585), (0.112, 0.514, 0.374), (0.221, 0.641, 0.138), (0.274, 0.522, 0.204), (0.363, 0.281, 0.356), (0.025, 0.435, 0.54), (0.455, 0.355, 0.19), (0.518, 0.019, 0.463), (0.164, 0.821, 0.015), (0.302, 0.314, 0.384), (0.891, 0.027, 0.082), (0.915, 0.025, 0.06), (0.598, 0.156, 0.246), (0.157, 0.684, 0.159), (0.96, 0.007, 0.033), (0.316, 0.606, 0.078), (0.737, 0.016, 0.247), (0.155, 0.525, 0.32), (0.977, 0.002, 0.021), (0.33, 0.522, 0.148), (0.068, 0.662, 0.27), (0.113, 0.792, 0.095), (0.652, 0.346, 0.002), (0.997, 0.003, 0.0), (0.449, 0.416, 0.135), (0.631, 0.347, 0.022), (0.318, 0.654, 0.028), (0.115, 0.781, 0.104), (0.11, 0.212, 0.678), (0.75, 0.195, 0.055), (0.116, 0.652, 0.232), (0.084, 0.189, 0.727), (0.338, 0.513, 0.149), (0.941, 0.009, 0.05), (0.22, 0.681, 0.099), (0.168, 0.462, 0.37), (0.187, 0.757, 0.056), (0.332, 0.659, 0.009), (0.359, 0.087, 0.554), (0.695, 0.067, 0.238), (0.884, 0.071, 0.045), (0.101, 0.358, 0.541), (0.23, 0.701, 0.069), (0.724, 0.115, 0.161), (0.329, 0.599, 0.072), (0.135, 0.692, 0.173), (0.604, 0.363, 0.033), (0.006, 0.24, 0.754), (0.751, 0.094, 0.155), (0.099, 0.181, 0.72), (0.875, 0.004, 0.121), (0.54, 0.443, 0.017), (0.115, 0.362, 0.523), (0.839, 0.14, 0.021), (0.974, 0.02, 0.006), (0.048, 0.766, 0.186), (0.744, 0.216, 0.04), (0.62, 0.206, 0.174), (0.653, 0.309, 0.038), (0.872, 0.031, 0.097), (0.67, 0.148, 0.182), (0.157, 0.121, 0.722), (0.668, 0.175, 0.157), (0.067, 0.024, 0.909), (0.502, 0.379, 0.119), (0.016, 0.127, 0.857), (0.67, 0.33, 0.0), (0.409, 0.467, 0.124), (0.976, 0.007, 0.017), (0.039, 0.842, 0.119), (0.973, 0.008, 0.019), (0.59, 0.271, 0.139), (0.05, 0.908, 0.042), (0.859, 0.0, 0.141), (0.889, 0.11, 0.001), (0.849, 0.117, 0.034), (0.12, 0.752, 0.128), (0.952, 0.01, 0.038), (0.992, 0.0, 0.008), (0.197, 0.109, 0.694), (0.099, 0.574, 0.327), (0.501, 0.011, 0.488), (0.426, 0.1, 0.474), (0.556, 0.307, 0.137), (0.993, 0.002, 0.005), (0.555, 0.119, 0.326), (0.886, 0.079, 0.035), (0.392, 0.216, 0.392), (0.436, 0.086, 0.478), (0.21, 0.043, 0.747), (0.232, 0.218, 0.55), (0.359, 0.217, 0.424), (0.005, 0.798, 0.197), (0.782, 0.165, 0.053), (0.176, 0.67, 0.154), (0.964, 0.023, 0.013), (0.396, 0.195, 0.409), (0.781, 0.168, 0.051), (0.404, 0.193, 0.403), (0.944, 0.007, 0.049), (0.163, 0.267, 0.57), (0.447, 0.508, 0.045), (0.904, 0.018, 0.078), (0.636, 0.065, 0.299), (0.084, 0.905, 0.011), (0.91, 0.081, 0.009), (0.987, 0.01, 0.003), (0.804, 0.164, 0.032), (0.182, 0.712, 0.106), (0.473, 0.512, 0.015), (0.815, 0.002, 0.183), (0.44, 0.544, 0.016), (0.96, 0.038, 0.002), (0.869, 0.104, 0.027), (0.172, 0.029, 0.799), (0.736, 0.15, 0.114), (0.433, 0.524, 0.043), (0.614, 0.256, 0.13), (0.4, 0.174, 0.426), (0.056, 0.461, 0.483), (0.14, 0.677, 0.183), (0.704, 0.279, 0.017), (0.793, 0.098, 0.109), (0.506, 0.266, 0.228), (0.057, 0.032, 0.911), (0.255, 0.405, 0.34), (0.271, 0.12, 0.609), (0.91, 0.064, 0.026), (0.056, 0.497, 0.447), (0.512, 0.196, 0.292), (0.942, 0.034, 0.024), (0.733, 0.111, 0.156), (0.871, 0.107, 0.022), (0.433, 0.243, 0.324), (0.95, 0.029, 0.021), (0.947, 0.014, 0.039), (0.406, 0.544, 0.05), (0.779, 0.166, 0.055), (0.687, 0.158, 0.155), (0.884, 0.054, 0.062), (0.649, 0.072, 0.279), (0.492, 0.035, 0.473), (0.948, 0.003, 0.049), (0.364, 0.154, 0.482), (0.22, 0.683, 0.097), (0.679, 0.002, 0.319), (0.786, 0.172, 0.042), (0.994, 0.005, 0.001), (0.083, 0.135, 0.782), (0.055, 0.691, 0.254), (0.962, 0.002, 0.036), (0.683, 0.179, 0.138), (0.298, 0.627, 0.075), (0.022, 0.899, 0.079), (0.454, 0.309, 0.237), (0.127, 0.52, 0.353), (0.923, 0.054, 0.023), (0.83, 0.125, 0.045), (0.633, 0.148, 0.219), (0.908, 0.025, 0.067), (0.923, 0.046, 0.031), (0.682, 0.151, 0.167), (0.173, 0.541, 0.286), (0.467, 0.443, 0.09), (0.297, 0.583, 0.12), (0.608, 0.361, 0.031), (0.417, 0.061, 0.522), (0.96, 0.028, 0.012), (0.56, 0.307, 0.133), (0.105, 0.381, 0.514), (0.812, 0.163, 0.025), (0.814, 0.183, 0.003), (0.451, 0.216, 0.333), (0.411, 0.563, 0.026), (0.157, 0.662, 0.181), (0.432, 0.105, 0.463), (0.127, 0.588, 0.285), (0.467, 0.219, 0.314), (0.451, 0.13, 0.419), (0.956, 0.032, 0.012), (0.303, 0.575, 0.122), (0.631, 0.282, 0.087), (0.723, 0.121, 0.156), (0.479, 0.123, 0.398), (0.021, 0.901, 0.078), (0.181, 0.025, 0.794), (0.903, 0.078, 0.019), (0.767, 0.137, 0.096), (0.513, 0.395, 0.092), (0.698, 0.073, 0.229), (0.076, 0.033, 0.891), (0.793, 0.056, 0.151), (0.284, 0.054, 0.662), (0.861, 0.031, 0.108), (0.906, 0.043, 0.051), (0.763, 0.072, 0.165), (0.725, 0.07, 0.205), (0.557, 0.35, 0.093), (0.98, 0.0, 0.02), (0.295, 0.39, 0.315), (0.994, 0.006, 0.0), (0.699, 0.177, 0.124), (0.638, 0.359, 0.003), (0.562, 0.302, 0.136), (0.133, 0.234, 0.633), (0.36, 0.217, 0.423), (0.425, 0.309, 0.266), (0.976, 0.023, 0.001), (0.345, 0.14, 0.515), (0.15, 0.416, 0.434), (0.332, 0.013, 0.655), (0.847, 0.084, 0.069), (0.738, 0.112, 0.15), (0.008, 0.779, 0.213), (0.662, 0.097, 0.241), (0.844, 0.011, 0.145), (0.271, 0.708, 0.021), (0.235, 0.662, 0.103), (1.0, 0.0, 0.0), (0.978, 0.016, 0.006), (0.814, 0.084, 0.102), (0.495, 0.303, 0.202), (0.997, 0.002, 0.001), (0.877, 0.039, 0.084), (0.136, 0.541, 0.323), (0.368, 0.484, 0.148), (0.812, 0.173, 0.015), (0.089, 0.282, 0.629), (0.994, 0.001, 0.005), (0.774, 0.111, 0.115), (0.881, 0.035, 0.084), (0.505, 0.187, 0.308), (0.234, 0.592, 0.174), (0.15, 0.423, 0.427), (0.39, 0.5, 0.11), (0.211, 0.697, 0.092), (0.089, 0.331, 0.58), (0.224, 0.486, 0.29), (0.386, 0.213, 0.401), (0.36, 0.342, 0.298), (0.324, 0.106, 0.57), (0.57, 0.345, 0.085), (0.871, 0.083, 0.046), (0.008, 0.238, 0.754), (0.341, 0.435, 0.224), (0.642, 0.041, 0.317), (0.583, 0.374, 0.043), (0.835, 0.089, 0.076), (0.679, 0.292, 0.029), (0.553, 0.402, 0.045), (0.579, 0.128, 0.293), (0.221, 0.7, 0.079), (0.586, 0.18, 0.234), (0.494, 0.435, 0.071), (0.894, 0.057, 0.049), (0.059, 0.508, 0.433), (0.064, 0.716, 0.22), (0.535, 0.196, 0.269), (0.125, 0.006, 0.869), (0.883, 0.012, 0.105), (0.527, 0.456, 0.017), (0.476, 0.486, 0.038), (0.02, 0.436, 0.544), (0.424, 0.236, 0.34), (0.116, 0.291, 0.593), (0.436, 0.004, 0.56), (0.806, 0.017, 0.177), (0.939, 0.004, 0.057), (0.334, 0.152, 0.514), (0.143, 0.195, 0.662), (0.212, 0.773, 0.015), (0.866, 0.072, 0.062), (0.338, 0.557, 0.105), (0.571, 0.316, 0.113), (0.656, 0.04, 0.304), (0.42, 0.019, 0.561), (0.463, 0.46, 0.077), (0.589, 0.3, 0.111), (0.68, 0.157, 0.163), (0.826, 0.028, 0.146), (0.086, 0.853, 0.061), (0.593, 0.254, 0.153), (0.515, 0.451, 0.034), (0.234, 0.203, 0.563), (0.108, 0.74, 0.152), (0.392, 0.331, 0.277), (0.375, 0.625, 0.0), (0.347, 0.116, 0.537), (0.882, 0.081, 0.037), (0.077, 0.308, 0.615), (0.427, 0.091, 0.482), (0.352, 0.528, 0.12), (0.91, 0.05, 0.04), (0.976, 0.002, 0.022), (0.843, 0.124, 0.033), (0.575, 0.292, 0.133), (0.354, 0.467, 0.179), (0.018, 0.417, 0.565), (0.719, 0.205, 0.076), (0.609, 0.216, 0.175), (0.826, 0.137, 0.037), (0.785, 0.015, 0.2), (0.866, 0.106, 0.028), (0.457, 0.431, 0.112), (0.782, 0.107, 0.111), (0.725, 0.142, 0.133), (0.759, 0.084, 0.157), (0.458, 0.393, 0.149), (0.278, 0.073, 0.649), (0.184, 0.137, 0.679), (0.423, 0.346, 0.231), (0.895, 0.103, 0.002), (0.463, 0.494, 0.043), (0.923, 0.074, 0.003), (0.064, 0.319, 0.617), (0.266, 0.12, 0.614), (0.417, 0.364, 0.219), (0.12, 0.049, 0.831), (0.925, 0.049, 0.026), (0.529, 0.092, 0.379), (0.772, 0.111, 0.117), (0.77, 0.183, 0.047), (0.682, 0.137, 0.181), (0.408, 0.476, 0.116), (0.409, 0.385, 0.206), (0.069, 0.596, 0.335), (0.691, 0.132, 0.177), (0.575, 0.139, 0.286), (0.611, 0.202, 0.187), (0.639, 0.199, 0.162), (0.019, 0.784, 0.197), (0.909, 0.033, 0.058), (0.631, 0.079, 0.29), (0.397, 0.45, 0.153), (0.18, 0.177, 0.643), (0.123, 0.833, 0.044), (0.08, 0.444, 0.476), (0.768, 0.184, 0.048), (0.482, 0.514, 0.004), (0.926, 0.025, 0.049), (0.054, 0.403, 0.543), (0.287, 0.529, 0.184), (0.145, 0.804, 0.051), (0.168, 0.745, 0.087), (0.431, 0.458, 0.111), (0.322, 0.076, 0.602), (0.213, 0.539, 0.248), (0.717, 0.08, 0.203), (0.918, 0.074, 0.008), (0.147, 0.504, 0.349), (0.311, 0.425, 0.264), (0.072, 0.37, 0.558), (0.164, 0.803, 0.033), (0.974, 0.002, 0.024), (0.981, 0.002, 0.017), (0.656, 0.263, 0.081), (0.382, 0.492, 0.126), (0.38, 0.593, 0.027), (0.073, 0.327, 0.6), (0.851, 0.1, 0.049), (0.838, 0.13, 0.032), (0.154, 0.003, 0.843), (0.064, 0.361, 0.575), (0.024, 0.19, 0.786), (0.04, 0.161, 0.799), (0.133, 0.487, 0.38), (0.936, 0.022, 0.042), (0.299, 0.485, 0.216), (0.023, 0.316, 0.661), (0.447, 0.011, 0.542), (0.664, 0.24, 0.096), (0.799, 0.016, 0.185), (0.76, 0.24, 0.0), (0.214, 0.381, 0.405), (0.519, 0.37, 0.111), (0.295, 0.01, 0.695), (0.583, 0.194, 0.223), (0.441, 0.3, 0.259), (0.309, 0.33, 0.361), (0.575, 0.223, 0.202), (0.12, 0.081, 0.799), (0.882, 0.01, 0.108), (0.492, 0.172, 0.336), (0.308, 0.48, 0.212), (0.39, 0.376, 0.234), (0.656, 0.278, 0.066), (0.17, 0.392, 0.438), (0.144, 0.656, 0.2), (0.306, 0.282, 0.412), (0.909, 0.026, 0.065), (0.486, 0.36, 0.154), (0.316, 0.348, 0.336), (0.254, 0.691, 0.055), (0.094, 0.1, 0.806), (0.572, 0.222, 0.206), (0.843, 0.138, 0.019), (0.569, 0.161, 0.27), (0.205, 0.261, 0.534), (0.79, 0.025, 0.185), (0.698, 0.254, 0.048), (0.543, 0.455, 0.002), (0.888, 0.06, 0.052), (0.58, 0.272, 0.148), (0.424, 0.417, 0.159), (0.218, 0.499, 0.283), (0.448, 0.416, 0.136), (0.674, 0.29, 0.036), (0.228, 0.276, 0.496), (0.445, 0.082, 0.473), (0.025, 0.518, 0.457), (0.539, 0.352, 0.109), (0.769, 0.011, 0.22), (0.409, 0.004, 0.587), (0.646, 0.114, 0.24), (0.821, 0.035, 0.144), (0.736, 0.023, 0.241), (0.946, 0.015, 0.039), (0.312, 0.508, 0.18), (0.719, 0.066, 0.215), (0.368, 0.515, 0.117), (0.04, 0.197, 0.763), (0.658, 0.124, 0.218), (0.271, 0.656, 0.073), (0.127, 0.012, 0.861), (0.483, 0.339, 0.178), (0.411, 0.331, 0.258), (0.652, 0.209, 0.139), (0.301, 0.197, 0.502), (0.9, 0.016, 0.084), (0.612, 0.28, 0.108), (0.691, 0.191, 0.118), (0.763, 0.078, 0.159), (0.962, 0.032, 0.006), (0.859, 0.045, 0.096), (0.574, 0.359, 0.067), (0.998, 0.001, 0.001), (0.757, 0.049, 0.194), (0.724, 0.128, 0.148), (0.335, 0.068, 0.597), (0.158, 0.328, 0.514), (0.488, 0.509, 0.003), (0.179, 0.199, 0.622), (0.695, 0.132, 0.173), (0.254, 0.679, 0.067), (0.854, 0.044, 0.102), (0.138, 0.324, 0.538), (0.791, 0.006, 0.203), (0.435, 0.207, 0.358), (0.096, 0.457, 0.447), (0.001, 0.866, 0.133), (0.296, 0.145, 0.559), (0.509, 0.281, 0.21), (0.069, 0.749, 0.182), (0.975, 0.015, 0.01), (0.508, 0.359, 0.133), (0.525, 0.045, 0.43), (0.653, 0.213, 0.134), (0.735, 0.178, 0.087), (0.421, 0.261, 0.318), (0.24, 0.491, 0.269), (0.185, 0.434, 0.38